[@启动M2加载光圈]
{
#IF
#ACT
;MAPEFFECT 星火世界 675 626 80 5160 12 -1 100 0 0
;MAPEFFECT 星火世界 316 477 80 5160 12 -1 100 0 0
;MAPEFFECT 星火世界 481 654 80 5160 12 -1 100 0 0
;MAPEFFECT 星火世界 63  385 80 5160 12 -1 100 0 0
;MAPEFFECT 星火世界 511 155 80 5160 12 -1 100 0 0
;MAPEFFECT 星火世界 645 222 80 5160 12 -1 100 0 0
;MAPEFFECT 星火世界 158 160 80 5160 12 -1 100 0 0
;MAPEFFECT 星火世界 147 34  80 5160 12 -1 100 0 0
;MAPEFFECT 星火世界 465 59 80 5160 12 -1 100 0 0



;---------------	一大陆神秘洞穴
MAPEFFECT 星火世界 423 87 80 5160 12 -1 100 0 0
MAPEFFECT 星火世界 306 322 80 5160 12 -1 100 0 0


;---------------	二大陆神秘洞穴
MAPEFFECT 猎魔世界 36 939 80 5160 12 -1 100 0 0
MAPEFFECT 猎魔世界 457 333 80 5160 12 -1 100 0 0
MAPEFFECT 猎魔世界 926 98 80 5160 12 -1 100 0 0


;---------------	三大陆神秘洞穴
MAPEFFECT 信仰世界 223 339 80 5160 12 -1 100 0 0
MAPEFFECT 信仰世界 63 201 80 5160 12 -1 100 0 0
MAPEFFECT 信仰世界 412 417 80 5160 12 -1 100 0 0
MAPEFFECT 信仰世界 624 309 80 5160 12 -1 100 0 0


;---------------	四大陆神秘洞穴
MAPEFFECT 苦行世界 141 139 80 5160 12 -1 100 0 0
MAPEFFECT 苦行世界 55 204 80 5160 12 -1 100 0 0
MAPEFFECT 苦行世界 687 500 80 5160 12 -1 100 0 0
MAPEFFECT 苦行世界 454 128 80 5160 12 -1 100 0 0
MAPEFFECT 苦行世界 651 633 80 5160 12 -1 100 0 0
;---------------	









MAPEFFECT 星火世界 45 933 80 5140 12 -1 100 0 0
MAPEFFECT 星火世界 475 703 80 5140 12 -1 100 0 0
MAPEFFECT 星火世界 17 161 80 5140 12 -1 100 0 0
MAPEFFECT 星火世界 125 314 80 5140 12 -1 100 0 0
MAPEFFECT 星火世界 267 56 80 5140 12 -1 100 0 0
MAPEFFECT 星火世界 946 120 80 5140 12 -1 100 0 0
MAPEFFECT 星火世界 775 801 80 5140 12 -1 100 0 0
MAPEFFECT 星火世界 759 616 80 5140 12 -1 100 0 0
MAPEFFECT 绿荫小镇 70 21 80 5140 12 -1 100 0 0
MAPEFFECT 绿荫小径 100 21 80 5140 12 -1 100 0 0
MAPEFFECT 桃园小镇 112 128 80 5140 12 -1 100 0 0
MAPEFFECT 桃园深处 68 16 80 5140 12 -1 100 0 0
MAPEFFECT 青苔腐地 274 30 80 5140 12 -1 100 0 0
MAPEFFECT 亡灵腐地 295 86 80 5140 12 -1 100 0 0
MAPEFFECT 万妖魔窟 39 22 80 5140 12 -1 100 0 0
MAPEFFECT 万妖通道 36 79 80 5140 12 -1 100 0 0
MAPEFFECT 暗黑之地 53 21 80 5140 12 -1 100 0 0
MAPEFFECT 暗黑试炼 33 38 80 5140 12 -1 100 0 0
MAPEFFECT 烈风阵地 20 74 80 5140 12 -1 100 0 0
MAPEFFECT 烈风疾 110 48 80 5140 12 -1 100 0 0
MAPEFFECT 痛苦大厅 25 126 80 5140 12 -1 100 0 0
MAPEFFECT 血魔大厅 108 40 80 5140 12 -1 100 0 0
MAPEFFECT 光辉之路 25 92 80 5140 12 -1 100 0 0
MAPEFFECT 迷石圣坛 154 22 80 5140 12 -1 100 0 0
MAPEFFECT 猎魔世界 17 336 80 5140 12 -1 100 0 0
MAPEFFECT 猎魔世界 590 99 80 5140 12 -1 100 0 0
MAPEFFECT 猎魔世界 386 107 80 5140 12 -1 100 0 0
MAPEFFECT 猎魔世界 640 223 80 5140 12 -1 100 0 0
MAPEFFECT 猎魔世界 894 338 80 5140 12 -1 100 0 0
MAPEFFECT 猎魔世界 652 541 80 5140 12 -1 100 0 0
MAPEFFECT 猎魔世界 231 469 80 5140 12 -1 100 0 0
MAPEFFECT 猎魔世界 742 44 80 5140 12 -1 100 0 0
MAPEFFECT 猎魔世界 522 890 80 5140 12 -1 100 0 0
MAPEFFECT 猎魔世界 543 584 80 5140 12 -1 100 0 0
MAPEFFECT 猎魔世界 138 106 80 5140 12 -1 100 0 0
MAPEFFECT 猎魔世界 269 972 80 5140 12 -1 100 0 0
MAPEFFECT 猎魔圣地 10 109 80 5140 12 -1 100 0 0
MAPEFFECT 血祭殿堂 16 23 80 5140 12 -1 100 0 0
MAPEFFECT 死亡高地 71 37 80 5140 12 -1 100 0 0
MAPEFFECT 死亡瞭望台 77 20 80 5140 12 -1 100 0 0
MAPEFFECT 碎石荒地 20 78 80 5140 12 -1 100 0 0
MAPEFFECT 悲鸣洞穴 20 80 80 5140 12 -1 100 0 0
MAPEFFECT 悲鸣洞穴一层 20 80 80 5140 12 -1 100 0 0
MAPEFFECT 悲鸣洞穴二层 20 80 80 5140 12 -1 100 0 0
MAPEFFECT 约束之地 17 43 80 5140 12 -1 100 0 0
MAPEFFECT 庙宇 104 26 80 5140 12 -1 100 0 0
MAPEFFECT 回廊 19 61 80 5140 12 -1 100 0 0
MAPEFFECT 月光林地 73 126 80 5140 12 -1 100 0 0
MAPEFFECT 灰谷 38 38 80 5140 12 -1 100 0 0
MAPEFFECT 林中要塞 64 88 80 5140 12 -1 100 0 0
MAPEFFECT 狂怒峡谷 103 52 80 5140 12 -1 100 0 0
MAPEFFECT 巨石阵地 66 10 80 5140 12 -1 100 0 0
MAPEFFECT 戈隆峡谷 172 61 80 5140 12 -1 100 0 0
MAPEFFECT 阴森洞穴 25 11 80 5140 12 -1 100 0 0
MAPEFFECT 阴森洞穴一层 25 11 80 5140 12 -1 100 0 0
MAPEFFECT 阴森洞穴二层 25 11 80 5140 12 -1 100 0 0
MAPEFFECT 死亡之路 77 19 80 5140 12 -1 100 0 0
MAPEFFECT 死亡之路前段 77 19 80 5140 12 -1 100 0 0
MAPEFFECT 死亡之路中段 77 19 80 5140 12 -1 100 0 0
MAPEFFECT 石墓领地 106 45 80 5140 12 -1 100 0 0
MAPEFFECT 幽冥领地 107 17 80 5140 12 -1 100 0 0
MAPEFFECT 死亡棺材 162 39 80 5140 12 -1 100 0 0
MAPEFFECT 痛苦焦土 12 72 80 5140 12 -1 100 0 0
MAPEFFECT 焦土林 89 43 80 5140 12 -1 100 0 0
MAPEFFECT 哀嚎之地 10 34 80 5140 12 -1 100 0 0
MAPEFFECT 战栗空间 12 122 80 5140 12 -1 100 0 0
MAPEFFECT 辐射大厅 26 92 80 5140 12 -1 100 0 0
MAPEFFECT 陷阱 184 48 80 5140 12 -1 100 0 0
MAPEFFECT 痛苦巢穴 48 38 80 5140 12 -1 100 0 0
MAPEFFECT 痛苦巢穴二层 47 41 80 5140 12 -1 100 0 0
MAPEFFECT 巢穴之下 49 51 80 5140 12 -1 100 0 0
MAPEFFECT 信仰世界 263 975 80 5140 12 -1 100 0 0
MAPEFFECT 信仰世界 884 834 80 5140 12 -1 100 0 0
MAPEFFECT 信仰世界 437 98 80 5140 12 -1 100 0 0
MAPEFFECT 信仰世界 37 821 80 5140 12 -1 100 0 0
MAPEFFECT 信仰世界 940 485 80 5140 12 -1 100 0 0
MAPEFFECT 信仰世界 613 447 80 5140 12 -1 100 0 0
MAPEFFECT 信仰世界 840 201 80 5140 12 -1 100 0 0
MAPEFFECT 信仰世界 61 59 80 5140 12 -1 100 0 0
MAPEFFECT 信仰世界 179 77 80 5140 12 -1 100 0 0
MAPEFFECT 信仰世界 207 642 80 5140 12 -1 100 0 0
MAPEFFECT 信仰世界 742 518 80 5140 12 -1 100 0 0
MAPEFFECT 信仰世界 906 325 80 5140 12 -1 100 0 0
MAPEFFECT 信仰世界 516 236 80 5140 12 -1 100 0 0
MAPEFFECT 信仰世界 386 611 80 5140 12 -1 100 0 0
MAPEFFECT 信仰世界 897 507 80 5140 12 -1 100 0 0
MAPEFFECT 信仰世界 187 433 80 5140 12 -1 100 0 0
MAPEFFECT 霸主深渊 30 269 80 5140 12 -1 100 0 0
MAPEFFECT 黑石深渊 26 25 80 5140 12 -1 100 0 0
MAPEFFECT 矿区 25 28 80 5140 12 -1 100 0 0
MAPEFFECT 永恒国度 23 33 80 5140 12 -1 100 0 0
MAPEFFECT 永恒国度野外 54 21 80 5140 12 -1 100 0 0
MAPEFFECT 魔法之门 39 34 80 5140 12 -1 100 0 0
MAPEFFECT 极乐净土 157 165 80 5140 12 -1 100 0 0
MAPEFFECT 狂欢之地 13 121 80 5140 12 -1 100 0 0
MAPEFFECT 舞厅 50 35 80 5140 12 -1 100 0 0
MAPEFFECT 圣魔沼泽 14 70 80 5140 12 -1 100 0 0
MAPEFFECT 泥泞沼泽 14 70 80 5140 12 -1 100 0 0
MAPEFFECT 毒蛊沼泽 45 78 80 5140 12 -1 100 0 0
MAPEFFECT 狂乱迷宫 71 11 80 5140 12 -1 100 0 0
MAPEFFECT 狂乱迷宫一层 71 11 80 5140 12 -1 100 0 0
MAPEFFECT 狂乱迷宫二层 71 11 80 5140 12 -1 100 0 0
MAPEFFECT 禁断围城 86 341 80 5140 12 -1 100 0 0
MAPEFFECT 阴尸河道 45 26 80 5140 12 -1 100 0 0
MAPEFFECT 残破的阶梯 77 56 80 5140 12 -1 100 0 0
MAPEFFECT 失序教院 66 125 80 5140 12 -1 100 0 0
MAPEFFECT 广场 18 82 80 5140 12 -1 100 0 0
MAPEFFECT 高塔 98 20 80 5140 12 -1 100 0 0
MAPEFFECT 古典密室 67 63 80 5140 12 -1 100 0 0
MAPEFFECT 强酸洞穴 46 26 80 5140 12 -1 100 0 0
MAPEFFECT 巨坑 34 19 80 5140 12 -1 100 0 0
MAPEFFECT 魔影墓场 12 58 80 5140 12 -1 100 0 0
MAPEFFECT 龙吟通道 45 20 80 5140 12 -1 100 0 0
MAPEFFECT 古拷刑室 42 121 80 5140 12 -1 100 0 0
MAPEFFECT 侩子手的休息房 97 20 80 5140 12 -1 100 0 0
MAPEFFECT 刑具室 16 43 80 5140 12 -1 100 0 0
MAPEFFECT 致命岩滩 52 75 80 5140 12 -1 100 0 0
MAPEFFECT 泥潭 45 25 80 5140 12 -1 100 0 0
MAPEFFECT 蛤蟆巢穴 45 19 80 5140 12 -1 100 0 0
MAPEFFECT 月色回廊 33 29 80 5140 12 -1 100 0 0
MAPEFFECT 游民星空 56 20 80 5140 12 -1 100 0 0
MAPEFFECT 精灵通道 25 35 80 5140 12 -1 100 0 0
MAPEFFECT 神谕之殿 35 34 80 5140 12 -1 100 0 0
MAPEFFECT 圣殿山 24 29 80 5140 12 -1 100 0 0
MAPEFFECT 黎明神殿 17 23 80 5140 12 -1 100 0 0
MAPEFFECT 滨海山丘 19 26 80 5140 12 -1 100 0 0
MAPEFFECT 夺命沙滩 39 131 80 5140 12 -1 100 0 0
MAPEFFECT 颤抖海 31 37 80 5140 12 -1 100 0 0
MAPEFFECT 恶咒陵墓 16 27 80 5140 12 -1 100 0 0
MAPEFFECT 寂静厅 58 44 80 5140 12 -1 100 0 0
MAPEFFECT 沉陷的教堂 108 149 80 5140 12 -1 100 0 0
MAPEFFECT 密草神殿 22 124 80 5140 12 -1 100 0 0
MAPEFFECT 妖蛛岭 86 19 80 5140 12 -1 100 0 0
MAPEFFECT 香樟林 21 124 80 5140 12 -1 100 0 0
MAPEFFECT 苦行世界 21 627 80 5140 12 -1 100 0 0
MAPEFFECT 苦行世界 110 569 80 5140 12 -1 100 0 0
MAPEFFECT 苦行世界 180 275 80 5140 12 -1 100 0 0
MAPEFFECT 苦行世界 579 517 80 5140 12 -1 100 0 0
MAPEFFECT 苦行世界 71 380 80 5140 12 -1 100 0 0
MAPEFFECT 苦行世界 567 121 80 5140 12 -1 100 0 0
MAPEFFECT 苦行世界 748 102 80 5140 12 -1 100 0 0
MAPEFFECT 苦行世界 428 231 80 5140 12 -1 100 0 0
MAPEFFECT 苦行世界 661 307 80 5140 12 -1 100 0 0
MAPEFFECT 苦行世界 522 616 80 5140 12 -1 100 0 0
MAPEFFECT 苦行世界 676 241 80 5140 12 -1 100 0 0
MAPEFFECT 苦行世界 511 270 80 5140 12 -1 100 0 0
MAPEFFECT 苦行世界 447 578 80 5140 12 -1 100 0 0
MAPEFFECT 苦行世界 456 310 80 5140 12 -1 100 0 0
MAPEFFECT 苦行世界 145 222 80 5140 12 -1 100 0 0
MAPEFFECT 苦行世界 237 611 80 5140 12 -1 100 0 0
MAPEFFECT 苦行世界 186 476 80 5140 12 -1 100 0 0
MAPEFFECT 暮色沙丘 84 15 80 5140 12 -1 100 0 0
MAPEFFECT 沙丘通道 74 28 80 5140 12 -1 100 0 0
MAPEFFECT 灰烬沼泽 39 23 80 5140 12 -1 100 0 0
MAPEFFECT 冥神之域 29 123 80 5140 12 -1 100 0 0
MAPEFFECT 吞噬星空 155 113 80 5140 12 -1 100 0 0
MAPEFFECT 夺魂之殿 32 77 80 5140 12 -1 100 0 0
MAPEFFECT 困兽境 95 23 80 5140 12 -1 100 0 0
MAPEFFECT 勇者之地 19 15 80 5140 12 -1 100 0 0
MAPEFFECT 地底之河 11 28 80 5140 12 -1 100 0 0
MAPEFFECT 暗河 32 38 80 5140 12 -1 100 0 0
MAPEFFECT 地下廊道 24 12 80 5140 12 -1 100 0 0
MAPEFFECT 危机海礁 75 68 80 5140 12 -1 100 0 0
MAPEFFECT 幽冥海域 56 24 80 5140 12 -1 100 0 0
MAPEFFECT 古巴外海 20 42 80 5140 12 -1 100 0 0
MAPEFFECT 骨迹陵墓 21 125 80 5140 12 -1 100 0 0
MAPEFFECT 嗜血之地 276 38 80 5140 12 -1 100 0 0
MAPEFFECT 破旧的龙骸通道 90 132 80 5140 12 -1 100 0 0
MAPEFFECT 古博物馆 66 63 80 5140 12 -1 100 0 0
MAPEFFECT 灵魂储藏室 23 58 80 5140 12 -1 100 0 0
MAPEFFECT 幽暗长廊 26 62 80 5140 12 -1 100 0 0
MAPEFFECT 晨曦墓地 49 29 80 5140 12 -1 100 0 0
MAPEFFECT 热风峡谷 110 147 80 5140 12 -1 100 0 0
MAPEFFECT 枯萎森林 100 60 80 5140 12 -1 100 0 0
MAPEFFECT 古堡 58 75 80 5140 12 -1 100 0 0
MAPEFFECT 古堡长廊 23 10 80 5140 12 -1 100 0 0
MAPEFFECT 悲愤大厅 18 52 80 5140 12 -1 100 0 0
MAPEFFECT 凯萨督姆 267 7 80 5140 12 -1 100 0 0
MAPEFFECT 安格利废墟 89 103 80 5140 12 -1 100 0 0
MAPEFFECT 普诺埃 109 147 80 5140 12 -1 100 0 0
MAPEFFECT 贝磊勾斯特 26 110 80 5140 12 -1 100 0 0
MAPEFFECT 安罗斯山 110 147 80 5140 12 -1 100 0 0
MAPEFFECT 卡拉斯加 40 19 80 5140 12 -1 100 0 0
MAPEFFECT 诺格罗德 59 75 80 5140 12 -1 100 0 0
MAPEFFECT 戴尔文 100 15 80 5140 12 -1 100 0 0
MAPEFFECT 贝蒂的深林 39 18 80 5140 12 -1 100 0 0
MAPEFFECT 孤山 69 36 80 5140 12 -1 100 0 0
MAPEFFECT 渡鸦岭 107 40 80 5140 12 -1 100 0 0
MAPEFFECT 矮人的防卫哨岗 103 52 80 5140 12 -1 100 0 0
MAPEFFECT 伊瑞德米斯林 107 18 80 5140 12 -1 100 0 0
MAPEFFECT 凋谢荒地 13 27 80 5140 12 -1 100 0 0
MAPEFFECT 佛洛威治 109 148 80 5140 12 -1 100 0 0
MAPEFFECT 铁丘陵 140 27 80 5140 12 -1 100 0 0
MAPEFFECT 隐蔽的入口 63 25 80 5140 12 -1 100 0 0
MAPEFFECT 宝藏仓库 15 31 80 5140 12 -1 100 0 0
MAPEFFECT 爱加拉隆 94 20 80 5140 12 -1 100 0 0
MAPEFFECT 裂谷谷底 107 40 80 5140 12 -1 100 0 0
MAPEFFECT 大地的伤痕 86 19 80 5140 12 -1 100 0 0
MAPEFFECT 墨瑞亚 20 128 80 5140 12 -1 100 0 0
MAPEFFECT 镜影湖 84 20 80 5140 12 -1 100 0 0
MAPEFFECT 银脉河 35 63 80 5140 12 -1 100 0 0
MAPEFFECT 都林之门 39 17 80 5140 12 -1 100 0 0


;-------------------------------------------------------------------------返
MAPEFFECT 万妖魔窟 14 46 80 5160 12 -1 100 0 0
MAPEFFECT 暗黑之地 41 147 80 5160 12 -1 100 0 0
MAPEFFECT 绿荫小镇 65 69 80 5160 12 -1 100 0 0
MAPEFFECT 桃园小镇 186 83 80 5160 12 -1 100 0 0
MAPEFFECT 青苔腐地 17 281 80 5160 12 -1 100 0 0
MAPEFFECT 烈风阵地 98 95 80 5160 12 -1 100 0 0
MAPEFFECT 痛苦大厅 98 20 80 5160 12 -1 100 0 0
MAPEFFECT 光辉之路 268 7 80 5160 12 -1 100 0 0
MAPEFFECT 绿荫小径 152 113 80 5160 12 -1 100 0 0
MAPEFFECT 绿荫幽森 54 64 80 5160 12 -1 100 0 0
MAPEFFECT 桃园深处 25 115 80 5160 12 -1 100 0 0
MAPEFFECT 桃园最深处 111 39 80 5160 12 -1 100 0 0
MAPEFFECT 亡灵腐地 84 339 80 5160 12 -1 100 0 0
MAPEFFECT 不死腐地 162 38 80 5160 12 -1 100 0 0
MAPEFFECT 万妖通道 27 25 80 5160 12 -1 100 0 0
MAPEFFECT 魔窟丽影 38 41 80 5160 12 -1 100 0 0
MAPEFFECT 暗黑试炼 45 78 80 5160 12 -1 100 0 0
MAPEFFECT 暗黑祭坛 52 53 80 5160 12 -1 100 0 0
MAPEFFECT 烈风疾 23 57 80 5160 12 -1 100 0 0
MAPEFFECT 烈风阵地中心 51 69 80 5160 12 -1 100 0 0
MAPEFFECT 血魔大厅 110 145 80 5160 12 -1 100 0 0
MAPEFFECT 痛楚密室 37 51 80 5160 12 -1 100 0 0
MAPEFFECT 迷石圣坛 8 122 80 5160 12 -1 100 0 0
MAPEFFECT 神·圣殿 30 79 80 5160 12 -1 100 0 0
MAPEFFECT 月光林地 20 23 80 5160 12 -1 100 0 0
MAPEFFECT 猎魔圣地 10 28 80 5160 12 -1 100 0 0
MAPEFFECT 死亡高地 14 23 80 5160 12 -1 100 0 0
MAPEFFECT 约束之地 40 97 80 5160 12 -1 100 0 0
MAPEFFECT 悲鸣洞穴 23 11 80 5160 12 -1 100 0 0
MAPEFFECT 狂怒峡谷 28 23 80 5160 12 -1 100 0 0
MAPEFFECT 阴森洞穴 118 76 80 5160 12 -1 100 0 0
MAPEFFECT 死亡之路 27 73 80 5160 12 -1 100 0 0
MAPEFFECT 石墓领地 38 17 80 5160 12 -1 100 0 0
MAPEFFECT 痛苦焦土 111 14 80 5160 12 -1 100 0 0
MAPEFFECT 战栗空间 154 23 80 5160 12 -1 100 0 0
MAPEFFECT 痛苦巢穴 26 90 80 5160 12 -1 100 0 0
MAPEFFECT 血祭殿堂 34 50 80 5160 12 -1 100 0 0
MAPEFFECT 诞生之牙 82 43 80 5160 12 -1 100 0 0
MAPEFFECT 死亡瞭望台 15 17 80 5160 12 -1 100 0 0
MAPEFFECT 碎石荒地 83 17 80 5160 12 -1 100 0 0
MAPEFFECT 至高雾境 94 19 80 5160 12 -1 100 0 0
MAPEFFECT 悲鸣洞穴一层 22 12 80 5160 12 -1 100 0 0
MAPEFFECT 悲鸣洞穴二层 22 12 80 5160 12 -1 100 0 0
MAPEFFECT 悲鸣洞穴底部 22 12 80 5160 12 -1 100 0 0
MAPEFFECT 庙宇 20 142 80 5160 12 -1 100 0 0
MAPEFFECT 回廊 60 16 80 5160 12 -1 100 0 0
MAPEFFECT 野兽囚笼 45 10 80 5160 12 -1 100 0 0
MAPEFFECT 灰谷 163 162 80 5160 12 -1 100 0 0
MAPEFFECT 林中要塞 162 284 80 5160 12 -1 100 0 0
MAPEFFECT 月影石台 68 15 80 5160 12 -1 100 0 0
MAPEFFECT 巨石阵地 63 109 80 5160 12 -1 100 0 0
MAPEFFECT 戈隆峡谷 70 183 80 5160 12 -1 100 0 0
MAPEFFECT 峡谷之巅 27 25 80 5160 12 -1 100 0 0
MAPEFFECT 阴森洞穴一层 118 75 80 5160 12 -1 100 0 0
MAPEFFECT 阴森洞穴二层 118 75 80 5160 12 -1 100 0 0
MAPEFFECT 阴森洞穴至深处 68 15 80 5160 12 -1 100 0 0
MAPEFFECT 死亡之路前段 27 73 80 5160 12 -1 100 0 0
MAPEFFECT 死亡之路中段 27 73 80 5160 12 -1 100 0 0
MAPEFFECT 死亡之路尾段 52 36 80 5160 12 -1 100 0 0
MAPEFFECT 幽冥领地 15 69 80 5160 12 -1 100 0 0
MAPEFFECT 死亡棺材 38 163 80 5160 12 -1 100 0 0
MAPEFFECT 重生墓 87 19 80 5160 12 -1 100 0 0
MAPEFFECT 焦土林 52 65 80 5160 12 -1 100 0 0
MAPEFFECT 哀嚎之地 55 61 80 5160 12 -1 100 0 0
MAPEFFECT 邪魂凝练囚笼 26 11 80 5160 12 -1 100 0 0
MAPEFFECT 辐射大厅 268 8 80 5160 12 -1 100 0 0
MAPEFFECT 陷阱 34 90 80 5160 12 -1 100 0 0
MAPEFFECT 无形熔炉 99 54 80 5160 12 -1 100 0 0
MAPEFFECT 痛苦巢穴二层 57 65 80 5160 12 -1 100 0 0
MAPEFFECT 巢穴之下 9 66 80 5160 12 -1 100 0 0
MAPEFFECT 恶魔在身边 9 66 80 5160 12 -1 100 0 0
MAPEFFECT 霸主深渊 182 239 80 5160 12 -1 100 0 0
MAPEFFECT 永恒国度 78 33 80 5160 12 -1 100 0 0
MAPEFFECT 极乐净土 84 91 80 5160 12 -1 100 0 0
MAPEFFECT 圣魔沼泽 109 17 80 5160 12 -1 100 0 0
MAPEFFECT 狂乱迷宫 66 63 80 5160 12 -1 100 0 0
MAPEFFECT 禁断围城 290 88 80 5160 12 -1 100 0 0
MAPEFFECT 失序教院 31 35 80 5160 12 -1 100 0 0
MAPEFFECT 古典密室 70 11 80 5160 12 -1 100 0 0
MAPEFFECT 魔影墓场 54 16 80 5160 12 -1 100 0 0
MAPEFFECT 古拷刑室 114 123 80 5160 12 -1 100 0 0
MAPEFFECT 致命岩滩 69 14 80 5160 12 -1 100 0 0
MAPEFFECT 月色回廊 14 38 80 5160 12 -1 100 0 0
MAPEFFECT 神谕之殿 17 54 80 5160 12 -1 100 0 0
MAPEFFECT 滨海山丘 8 26 80 5160 12 -1 100 0 0
MAPEFFECT 恶咒陵墓 54 54 80 5160 12 -1 100 0 0
MAPEFFECT 密草神殿 98 15 80 5160 12 -1 100 0 0
MAPEFFECT 黑石深渊 80 63 80 5160 12 -1 100 0 0
MAPEFFECT 矿区 110 94 80 5160 12 -1 100 0 0
MAPEFFECT 熔岩区域 30 16 80 5160 12 -1 100 0 0
MAPEFFECT 永恒国度野外 43 146 80 5160 12 -1 100 0 0
MAPEFFECT 魔法之门 38 16 80 5160 12 -1 100 0 0
MAPEFFECT 仙纹奇石阵 52 71 80 5160 12 -1 100 0 0
MAPEFFECT 狂欢之地 154 23 80 5160 12 -1 100 0 0
MAPEFFECT 舞厅 13 36 80 5160 12 -1 100 0 0
MAPEFFECT 净土之源 16 117 80 5160 12 -1 100 0 0
MAPEFFECT 泥泞沼泽 111 13 80 5160 12 -1 100 0 0
MAPEFFECT 毒蛊沼泽 28 33 80 5160 12 -1 100 0 0
MAPEFFECT 炼狱 13 25 80 5160 12 -1 100 0 0
MAPEFFECT 狂乱迷宫一层 76 64 80 5160 12 -1 100 0 0
MAPEFFECT 狂乱迷宫二层 76 64 80 5160 12 -1 100 0 0
MAPEFFECT 狂乱迷宫三层 76 64 80 5160 12 -1 100 0 0
MAPEFFECT 阴尸河道 48 158 80 5160 12 -1 100 0 0
MAPEFFECT 残破的阶梯 27 25 80 5160 12 -1 100 0 0
MAPEFFECT 封印魔殿 38 22 80 5160 12 -1 100 0 0
MAPEFFECT 广场 18 19 80 5160 12 -1 100 0 0
MAPEFFECT 高塔 28 123 80 5160 12 -1 100 0 0
MAPEFFECT 奇术秘殿 50 52 80 5160 12 -1 100 0 0
MAPEFFECT 强酸洞穴 48 158 80 5160 12 -1 100 0 0
MAPEFFECT 巨坑 130 119 80 5160 12 -1 100 0 0
MAPEFFECT 畸形亡域 22 17 80 5160 12 -1 100 0 0
MAPEFFECT 龙吟通道 17 48 80 5160 12 -1 100 0 0
MAPEFFECT 龙窟 20 91 80 5160 12 -1 100 0 0
MAPEFFECT 侩子手的休息房 24 140 80 5160 12 -1 100 0 0
MAPEFFECT 刑具室 112 109 80 5160 12 -1 100 0 0
MAPEFFECT 刑厂密室 26 30 80 5160 12 -1 100 0 0
MAPEFFECT 泥潭 48 158 80 5160 12 -1 100 0 0
MAPEFFECT 蛤蟆巢穴 42 144 80 5160 12 -1 100 0 0
MAPEFFECT 孵化地 43 10 80 5160 12 -1 100 0 0
MAPEFFECT 游民星空 21 59 80 5160 12 -1 100 0 0
MAPEFFECT 精灵通道 39 22 80 5160 12 -1 100 0 0
MAPEFFECT 天极高地 13 32 80 5160 12 -1 100 0 0
MAPEFFECT 圣殿山 93 99 80 5160 12 -1 100 0 0
MAPEFFECT 黎明神殿 71 77 80 5160 12 -1 100 0 0
MAPEFFECT 真神谕之殿 16 117 80 5160 12 -1 100 0 0
MAPEFFECT 夺命沙滩 155 39 80 5160 12 -1 100 0 0
MAPEFFECT 颤抖海 45 79 80 5160 12 -1 100 0 0
MAPEFFECT 沉寂湾 29 31 80 5160 12 -1 100 0 0
MAPEFFECT 寂静厅 26 24 80 5160 12 -1 100 0 0
MAPEFFECT 沉陷的教堂 22 39 80 5160 12 -1 100 0 0
MAPEFFECT 安息之地 31 16 80 5160 12 -1 100 0 0
MAPEFFECT 妖蛛岭 76 65 80 5160 12 -1 100 0 0
MAPEFFECT 香樟林 94 19 80 5160 12 -1 100 0 0
MAPEFFECT 灰影森林 159 35 80 5160 12 -1 100 0 0
MAPEFFECT 暮色沙丘 277 146 80 5160 12 -1 100 0 0
MAPEFFECT 冥神之域 98 20 80 5160 12 -1 100 0 0
MAPEFFECT 夺魂之殿 50 35 80 5160 12 -1 100 0 0
MAPEFFECT 地底之河 87 18 80 5160 12 -1 100 0 0
MAPEFFECT 危机海礁 86 20 80 5160 12 -1 100 0 0
MAPEFFECT 骨迹陵墓 97 17 80 5160 12 -1 100 0 0
MAPEFFECT 古博物馆 71 11 80 5160 12 -1 100 0 0
MAPEFFECT 晨曦墓地 207 61 80 5160 12 -1 100 0 0
MAPEFFECT 古堡 4 56 80 5160 12 -1 100 0 0
MAPEFFECT 凯萨督姆 25 94 80 5160 12 -1 100 0 0
MAPEFFECT 贝磊勾斯特 69 19 80 5160 12 -1 100 0 0
MAPEFFECT 诺格罗德 111 49 80 5160 12 -1 100 0 0
MAPEFFECT 孤山 14 26 80 5160 12 -1 100 0 0
MAPEFFECT 伊瑞德米斯林 16 68 80 5160 12 -1 100 0 0
MAPEFFECT 铁丘陵 22 110 80 5160 12 -1 100 0 0
MAPEFFECT 爱加拉隆 27 126 80 5160 12 -1 100 0 0
MAPEFFECT 墨瑞亚 100 15 80 5160 12 -1 100 0 0
MAPEFFECT 沙丘通道 148 91 80 5160 12 -1 100 0 0
MAPEFFECT 灰烬沼泽 151 137 80 5160 12 -1 100 0 0
MAPEFFECT 忘情沙海 100 63 80 5160 12 -1 100 0 0
MAPEFFECT 吞噬星空 10 12 80 5160 12 -1 100 0 0
MAPEFFECT 幽冥洞 5 37 80 5160 12 -1 100 0 0
MAPEFFECT 困兽境 26 125 80 5160 12 -1 100 0 0
MAPEFFECT 勇者之地 70 73 80 5160 12 -1 100 0 0
MAPEFFECT 蛮荒之域 16 42 80 5160 12 -1 100 0 0
MAPEFFECT 暗河 45 78 80 5160 12 -1 100 0 0
MAPEFFECT 地下廊道 20 82 80 5160 12 -1 100 0 0
MAPEFFECT 无尽深渊 118 110 80 5160 12 -1 100 0 0
MAPEFFECT 幽冥海域 13 37 80 5160 12 -1 100 0 0
MAPEFFECT 古巴外海 19 27 80 5160 12 -1 100 0 0
MAPEFFECT 惊涛之上 56 30 80 5160 12 -1 100 0 0
MAPEFFECT 嗜血之地 31 258 80 5160 12 -1 100 0 0
MAPEFFECT 破旧的龙骸通道 31 60 80 5160 12 -1 100 0 0
MAPEFFECT 双生之地 22 124 80 5160 12 -1 100 0 0
MAPEFFECT 灵魂储藏室 78 30 80 5160 12 -1 100 0 0
MAPEFFECT 幽暗长廊 137 84 80 5160 12 -1 100 0 0
MAPEFFECT 潮湿地下室 66 27 80 5160 12 -1 100 0 0
MAPEFFECT 热风峡谷 108 41 80 5160 12 -1 100 0 0
MAPEFFECT 枯萎森林 35 29 80 5160 12 -1 100 0 0
MAPEFFECT 碎石岗 157 47 80 5160 12 -1 100 0 0
MAPEFFECT 古堡长廊 30 64 80 5160 12 -1 100 0 0
MAPEFFECT 悲愤大厅 52 26 80 5160 12 -1 100 0 0
MAPEFFECT 古堡祭血大厅 27 78 80 5160 12 -1 100 0 0
MAPEFFECT 安格利废墟 157 47 80 5160 12 -1 100 0 0
MAPEFFECT 普诺埃 108 41 80 5160 12 -1 100 0 0
MAPEFFECT 索泰利亚 29 24 80 5160 12 -1 100 0 0
MAPEFFECT 安罗斯山 108 40 80 5160 12 -1 100 0 0
MAPEFFECT 卡拉斯加 106 43 80 5160 12 -1 100 0 0
MAPEFFECT 真贝磊勾斯特 82 93 80 5160 12 -1 100 0 0
MAPEFFECT 戴尔文 20 124 80 5160 12 -1 100 0 0
MAPEFFECT 贝蒂的深林 105 44 80 5160 12 -1 100 0 0
MAPEFFECT 真诺格罗德 65 83 80 5160 12 -1 100 0 0
MAPEFFECT 渡鸦岭 109 147 80 5160 12 -1 100 0 0
MAPEFFECT 矮人的防卫哨岗 28 24 80 5160 12 -1 100 0 0
MAPEFFECT 瑟罗尔的殿堂 71 24 80 5160 12 -1 100 0 0
MAPEFFECT 凋谢荒地 82 112 80 5160 12 -1 100 0 0
MAPEFFECT 佛洛威治 109 40 80 5160 12 -1 100 0 0
MAPEFFECT 圣龙巢穴 109 40 80 5160 12 -1 100 0 0
MAPEFFECT 隐蔽的入口 23 81 80 5160 12 -1 100 0 0
MAPEFFECT 宝藏仓库 71 59 80 5160 12 -1 100 0 0
MAPEFFECT 矮人族禁地 35 49 80 5160 12 -1 100 0 0
MAPEFFECT 裂谷谷底 110 146 80 5160 12 -1 100 0 0
MAPEFFECT 大地的伤痕 74 67 80 5160 12 -1 100 0 0
MAPEFFECT 永恒之战 20 17 80 5160 12 -1 100 0 0
MAPEFFECT 镜影湖 75 65 80 5160 12 -1 100 0 0
MAPEFFECT 银脉河 81 116 80 5160 12 -1 100 0 0
MAPEFFECT 都林之门 105 45 80 5160 12 -1 100 0 0
MAPEFFECT 圣域 18 23 80 5160 12 -1 100 0 0




MAPEFFECT 主城神秘洞穴点1 69 14 80 5160 12 -1 100 0 0
MAPEFFECT 主城神秘洞穴点2 69 14 80 5160 12 -1 100 0 0
MAPEFFECT 二大陆神秘洞穴点1 69 13 80 5160 12 -1 100 0 0
MAPEFFECT 二大陆神秘洞穴点2 69 13 80 5160 12 -1 100 0 0
MAPEFFECT 二大陆神秘洞穴点3 69 13 80 5160 12 -1 100 0 0
MAPEFFECT 三大陆神秘洞穴点1 38 41 80 5160 12 -1 100 0 0
MAPEFFECT 三大陆神秘洞穴点2 38 41 80 5160 12 -1 100 0 0
MAPEFFECT 三大陆神秘洞穴点3 38 41 80 5160 12 -1 100 0 0
MAPEFFECT 三大陆神秘洞穴点4 38 41 80 5160 12 -1 100 0 0
MAPEFFECT 四大陆神秘洞穴点1 13 18 80 5160 12 -1 100 0 0
MAPEFFECT 四大陆神秘洞穴点2 13 18 80 5160 12 -1 100 0 0
MAPEFFECT 四大陆神秘洞穴点3 13 18 80 5160 12 -1 100 0 0
MAPEFFECT 四大陆神秘洞穴点4 13 18 80 5160 12 -1 100 0 0
MAPEFFECT 四大陆神秘洞穴点5 13 18 80 5160 12 -1 100 0 0













break

#IF
#ACT

MAPEFFECT 猎魔世界 827 840 80 5160 12 -1 100 0 0
MAPEFFECT 猎魔世界 798 888 80 5160 12 -1 100 0 0
MAPEFFECT 猎魔世界 236 232 80 5160 12 -1 100 0 0
MAPEFFECT 猎魔世界 337 793 80 5160 12 -1 100 0 0
MAPEFFECT 猎魔世界 960 584 80 5160 12 -1 100 0 0
MAPEFFECT 猎魔世界 36 593 80 5160 12 -1 100 0 0
MAPEFFECT 猎魔世界 911 422 80 5160 12 -1 100 0 0
MAPEFFECT 猎魔世界 377 609 80 5160 12 -1 100 0 0
MAPEFFECT 猎魔世界 181 743 80 5160 12 -1 100 0 0
MAPEFFECT 猎魔世界 496 118 80 5160 12 -1 100 0 0
MAPEFFECT 猎魔世界 437 383 80 5160 12 -1 100 0 0
MAPEFFECT 猎魔世界 36 939 80 5160 12 -1 100 0 0
MAPEFFECT 猎魔世界 457 333 80 5160 12 -1 100 0 0
MAPEFFECT 猎魔世界 926 98 80 5160 12 -1 100 0 0
MAPEFFECT 猎魔世界 637 383 80 5160 12 -1 100 0 0

MAPEFFECT 信仰世界 969 638 80 5160 12 -1 100 0 0
MAPEFFECT 信仰世界 904 738 80 5160 12 -1 100 0 0
MAPEFFECT 信仰世界 960 935 80 5160 12 -1 100 0 0
MAPEFFECT 信仰世界 751 821 80 5160 12 -1 100 0 0
MAPEFFECT 信仰世界 726 678 80 5160 12 -1 100 0 0
MAPEFFECT 信仰世界 329 819 80 5160 12 -1 100 0 0
MAPEFFECT 信仰世界 478 950 80 5160 12 -1 100 0 0
MAPEFFECT 信仰世界 714 720 80 5160 12 -1 100 0 0
MAPEFFECT 信仰世界 536 668 80 5160 12 -1 100 0 0
MAPEFFECT 信仰世界 864 33 80 5160 12 -1 100 0 0
MAPEFFECT 信仰世界 748 95 80 5160 12 -1 100 0 0
MAPEFFECT 信仰世界 558 807 80 5160 12 -1 100 0 0
MAPEFFECT 信仰世界 506 450 80 5160 12 -1 100 0 0
MAPEFFECT 信仰世界 172 817 80 5160 12 -1 100 0 0
MAPEFFECT 信仰世界 322 189 80 5160 12 -1 100 0 0
MAPEFFECT 信仰世界 818 326 80 5160 12 -1 100 0 0
MAPEFFECT 信仰世界 223 339 80 5160 12 -1 100 0 0
MAPEFFECT 信仰世界 63 201 80 5160 12 -1 100 0 0
MAPEFFECT 信仰世界 412 417 80 5160 12 -1 100 0 0
MAPEFFECT 信仰世界 624 309 80 5160 12 -1 100 0 0
MAPEFFECT 信仰世界 50 554 80 5160 12 -1 100 0 0

MAPEFFECT 苦行世界 438 438 80 5160 12 -1 100 0 0
MAPEFFECT 苦行世界 460 438 80 5160 12 -1 100 0 0
MAPEFFECT 苦行世界 483 451 80 5160 12 -1 100 0 0
MAPEFFECT 苦行世界 509 451 80 5160 12 -1 100 0 0
MAPEFFECT 苦行世界 537 449 80 5160 12 -1 100 0 0
MAPEFFECT 苦行世界 545 451 80 5160 12 -1 100 0 0
MAPEFFECT 苦行世界 558 441 80 5160 12 -1 100 0 0
MAPEFFECT 苦行世界 574 443 80 5160 12 -1 100 0 0
MAPEFFECT 苦行世界 590 451 80 5160 12 -1 100 0 0
MAPEFFECT 苦行世界 611 437 80 5160 12 -1 100 0 0
MAPEFFECT 苦行世界 275 170 80 5160 12 -1 100 0 0
MAPEFFECT 苦行世界 299 270 80 5160 12 -1 100 0 0
MAPEFFECT 苦行世界 221 400 80 5160 12 -1 100 0 0
MAPEFFECT 苦行世界 698 410 80 5160 12 -1 100 0 0
MAPEFFECT 苦行世界 498 408 80 5160 12 -1 100 0 0
MAPEFFECT 苦行世界 29 492 80 5160 12 -1 100 0 0
MAPEFFECT 苦行世界 704 563 80 5160 12 -1 100 0 0
MAPEFFECT 苦行世界 261 83 80 5160 12 -1 100 0 0
MAPEFFECT 苦行世界 411 46 80 5160 12 -1 100 0 0
MAPEFFECT 苦行世界 685 159 80 5160 12 -1 100 0 0
MAPEFFECT 苦行世界 141 139 80 5160 12 -1 100 0 0
MAPEFFECT 苦行世界 55 204 80 5160 12 -1 100 0 0
MAPEFFECT 苦行世界 687 500 80 5160 12 -1 100 0 0
MAPEFFECT 苦行世界 454 128 80 5160 12 -1 100 0 0
MAPEFFECT 苦行世界 651 633 80 5160 12 -1 100 0 0
MAPEFFECT 苦行世界 239 576 80 5160 12 -1 100 0 0




}
