2	======================	0	1	1	0	0
1	装备重铸石	0	1	1	0	0
1	永久回城石	0	1	1	0	0
1	永久随机石	0	1	1	0	0
1	黑暗空间石	0	1	1	0	0
1	星火空间石	0	1	1	0	0
1	猎魔空间石	0	1	1	0	0
1	信仰空间石	0	1	1	0	0
1	苦行空间石	0	1	1	0	0
1	转变职业证明	0	1	1	0	0
1	转变种族证明	0	1	1	0	0
1	星火魔域加时卡	0	1	1	0	0
1	猎魔魔域加时卡	0	1	1	0	0
1	信仰魔域加时卡	0	1	1	0	0
1	苦行魔域加时卡	0	1	1	0	0
1	试炼卷轴	0	1	1	0	0
1	1枚幸运币	0	1	1	0	0
2	主城传送石	0	1	1	0	0
2	随机传送石	0	1	1	0	0
1	仓库扩充卷轴	0	1	1	0	0
1	背包扩充卷轴	0	1	1	0	0
2	*	0	1	1	0	0
1	*	0	1	1	0	0
1	*	0	1	1	0	0
1	*	0	1	1	0	0
2	*	0	1	1	0	0
1	神格	0	1	1	0	0
1	*	0	1	1	0	0
2	*	0	1	1	0	0
1	*	0	1	1	0	0
2	*	0	1	1	0	0
2	*	0	1	1	0	0
2	*	0	1	1	0	0
1	*	0	1	1	0	0
1	*	0	1	1	0	0
1	*	0	1	1	0	0
1	*	0	1	1	0	0
2	*	0	1	1	0	0
2	修复神水	0	1	1	0	0
1	红名清洗卷	0	1	1	0	0
1	沃玛号角	0	1	1	0	0
2	·===货币触发类===	0	1	1	0	0
1	1银币	0	1	1	0	0
1	2银币	0	1	1	0	0
1	5银币	0	1	1	0	0
1	10银币	0	1	1	0	0
1	50银币	0	1	1	0	0
1	100银币	0	1	1	0	0
1	500银币	0	1	1	0	0
1	1000银币	0	1	1	0	0
1	5000银币	0	1	1	0	0
1	10000银币	0	1	1	0	0
1	100000银币	0	1	1	0	0
1	500000银币	0	1	1	0	0
1	1000000银币	0	1	1	0	0
1	*	0	1	1	0	0
1	1金币	0	1	1	0	0
1	2金币	0	1	1	0	0
1	5金币	0	1	1	0	0
1	10金币	0	1	1	0	0
1	30金币	0	1	1	0	0
1	50金币	0	1	1	0	0
1	100金币	0	1	1	0	0
1	300金币	0	1	1	0	0
1	500金币	0	1	1	0	0
2	=======新手装备=======	0	1	1	0	0
4	初心者之剑	0	1	1	0	0
3	初心者之甲	0	1	1	0	0
5	初心者头盔	0	1	1	0	0
5	初心者项链	0	1	1	0	0
5	初心者手镯	0	1	1	0	0
5	初心者戒指	0	1	1	0	0
7	初心者腰带	0	1	1	0	0
7	初心者靴子	0	1	1	0	0
7	初心者宝石	0	1	1	0	0
7	初心者披风	0	1	1	0	0
7	初心者护符	0	1	1	0	0
6	初心者头饰	0	1	1	0	0
1	初心者副手	0	1	1	0	0
1	初心者印记	0	1	1	0	0
1	第一名	0	1	1	0	0
1	第二名	0	1	1	0	0
1	第三名	0	1	1	0	0
1	第四名	0	1	1	0	0
1	第五名	0	1	1	0	0
2	*	0	1	1	0	0
1	*	0	1	1	0	0
2	*	0	1	1	0	0
2	*	0	1	1	0	0
1	狂暴	0	1	1	0	0
1	沙巴克捐献	0	1	1	0	0
2	*	0	1	1	0	0
1	*	0	1	1	0	0
1	*	0	1	1	0	0
1	*	0	1	1	0	0
2	*	0	1	1	0	0
2	*	0	1	1	0	0
2	*	0	1	1	0	0
2	*	0	1	1	0	0
2	*	0	1	1	0	0
1	改名卡	0	1	1	0	0
2	======================	0	1	1	0	0
2	=========武器=========	0	1	1	0	0
2	======================	0	1	1	0	0
4	生锈短刀	0	1	1	0	0
4	锋利短剑	0	1	1	0	0
4	制式短剑	0	1	1	0	0
4	决斗之锤	0	1	1	0	0
4	狼牙之锤	0	1	1	0	0
4	六芒星杖	0	1	1	0	0
4	红阳权杖	0	1	1	0	0
4	百锻钢剑	0	1	1	0	0
4	丘陵之锤	0	1	1	0	0
4	银质头槌	0	1	1	0	0
4	神秘唐刀	0	1	1	0	0
4	獠牙之刺	0	1	1	0	0
4	诡异断肢	0	1	1	0	0
4	奇形獠牙	0	1	1	0	0
4	剥皮短刀	0	1	1	0	0
4	自然之翼	0	1	1	0	0
4	生铁链槌	0	1	1	0	0
4	血心链槌	0	1	1	0	0
4	大地链槌	0	1	1	0	0
4	骨翼链槌	0	1	1	0	0
4	冰雪裂缝	0	1	1	0	0
4	血眸之锤	0	1	1	0	0
4	艾瑞达战锤	0	1	1	0	0
4	协调长锤	0	1	1	0	0
4	织魔短剑	0	1	1	0	0
4	魔鬼之刺	0	1	1	0	0
4	银羽权杖	0	1	1	0	0
4	黑雾长杖	0	1	1	0	0
4	血牙之击	0	1	1	0	0
4	堕落权柄	0	1	1	0	0
2	·----特殊	0	1	1	0	0
4	罪恶	0	1	1	0	0
4	霜冰	0	1	1	0	0
4	噬亡	0	1	1	0	0
4	暴风之刃	0	1	1	0	0
4	光明·殇	0	1	1	0	0
4	审判法杖	0	1	1	0	0
4	残月の刃	0	1	1	0	0
4	月冕权杖	0	1	1	0	0
4	风矢之斧	0	1	1	0	0
4	贪噬本源	0	1	1	0	0
2	======================	0	1	1	0	0
2	·=======衣服=========	0	1	1	0	0
2	======================	0	1	1	0	0
3	布衫	0	1	1	0	0
3	皮背心	0	1	1	0	0
3	皮质短袍	0	1	1	0	0
3	锁子铠	0	1	1	0	0
3	锁子甲	0	1	1	0	0
3	幽冥束身	0	1	1	0	0
3	蚀刻夹克	0	1	1	0	0
3	掠夺者夹克	0	1	1	0	0
3	古兽钢甲	0	1	1	0	0
3	巨像钢甲	0	1	1	0	0
3	骨织锁子甲	0	1	1	0	0
3	炎魔胸甲	0	1	1	0	0
3	星界锁甲	0	1	1	0	0
3	神圣铠甲	0	1	1	0	0
3	守护者的荣耀	0	1	1	0	0
3	擎天战甲	0	1	1	0	0
3	燃火外套	0	1	1	0	0
3	血歌锁甲	0	1	1	0	0
3	黑棘战袍	0	1	1	0	0
3	亡魂战袍	0	1	1	0	0
3	魅影披肩	0	1	1	0	0
3	邪灵披肩	0	1	1	0	0
3	永恒战甲	0	1	1	0	0
3	权贵环甲	0	1	1	0	0
3	聚魂斗篷	0	1	1	0	0
3	怨恨斗篷	0	1	1	0	0
3	死疫裹袍	0	1	1	0	0
3	泰瑞尔之力	0	1	1	0	0
3	血色之衣	0	1	1	0	0
3	不死鸟的胸骨	0	1	1	0	0
2	·--特殊-----	0	1	1	0	0
3	勇气胸铠	0	1	1	0	0
3	魔牙外衣	0	1	1	0	0
3	救赎钢甲	0	1	1	0	0
3	圣光天启	0	1	1	0	0
3	黑鳞之肤	0	1	1	0	0
3	正义之垒	0	1	1	0	0
3	怒涛之心	0	1	1	0	0
3	圣光之心	0	1	1	0	0
3	大地之灵	0	1	1	0	0
3	不朽之王	0	1	1	0	0
2	======================	0	1	1	0	0
2	·=======头盔=========	0	1	1	0	0
2	======================	0	1	1	0	0
5	皮帽	0	1	1	0	0
5	护面	0	1	1	0	0
5	三角帽	0	1	1	0	0
5	轻钢盔	0	1	1	0	0
5	战斗头罩	0	1	1	0	0
5	链甲头罩	0	1	1	0	0
5	板甲头盔	0	1	1	0	0
5	锁子兜帽	0	1	1	0	0
5	巨型战盔	0	1	1	0	0
5	犬面铁盔	0	1	1	0	0
5	骑士重盔	0	1	1	0	0
5	钢铁面纱	0	1	1	0	0
5	共鸣之颅	0	1	1	0	0
5	死亡先知兜帽	0	1	1	0	0
5	征服者军帽	0	1	1	0	0
5	荒原头盔	0	1	1	0	0
5	血腥面罩	0	1	1	0	0
5	地狱恐面	0	1	1	0	0
5	月影之面	0	1	1	0	0
5	君王面甲	0	1	1	0	0
5	瓦尔之首	0	1	1	0	0
5	拉基斯守护头盔	0	1	1	0	0
5	御法者之冠	0	1	1	0	0
5	梦魇	0	1	1	0	0
5	雾隐	0	1	1	0	0
5	骄矜必败	0	1	1	0	0
5	破碎的王冠	0	1	1	0	0
5	皇冠	0	1	1	0	0
5	不死王冠	0	1	1	0	0
5	命运之誓	0	1	1	0	0
2	·-------特殊-----	0	1	1	0	0
5	灵能之笼	0	1	1	0	0
5	灵主之环	0	1	1	0	0
5	贤者之星	0	1	1	0	0
5	勇气冠冕	0	1	1	0	0
5	蕾蔻的意志	0	1	1	0	0
5	贤者之巅	0	1	1	0	0
5	不死鸟之冠	0	1	1	0	0
5	灼天之面	0	1	1	0	0
5	守护者的凝视	0	1	1	0	0
5	大地之眼	0	1	1	0	0
2	======================	0	1	1	0	0
2	·=======项链=========	0	1	1	0	0
2	======================	0	1	1	0	0
5	秘银项链	0	1	1	0	0
5	黄玉项链	0	1	1	0	0
5	翠玉项链	0	1	1	0	0
5	裂骨项链	0	1	1	0	0
5	琥珀项链	0	1	1	0	0
5	金项链	0	1	1	0	0
5	红晶石项链	0	1	1	0	0
5	绿松石项链	0	1	1	0	0
5	灵土项链	0	1	1	0	0
5	黑珍珠	0	1	1	0	0
5	黑曜之链	0	1	1	0	0
5	溪语者项链	0	1	1	0	0
5	聚魂项链	0	1	1	0	0
5	怨恨项坠	0	1	1	0	0
5	救赎之链	0	1	1	0	0
5	庇护之链	0	1	1	0	0
5	信仰之源	0	1	1	0	0
5	暴戾的咒火	0	1	1	0	0
5	暴戾的熔岩	0	1	1	0	0
5	撕裂者之力	0	1	1	0	0
5	上古智慧	0	1	1	0	0
5	痛苦诅咒	0	1	1	0	0
5	泯灭之心	0	1	1	0	0
5	坠落星辰碎片	0	1	1	0	0
5	极光坠饰	0	1	1	0	0
5	凯帕之光	0	1	1	0	0
5	格拉斯的项圈	0	1	1	0	0
5	寒霜之触	0	1	1	0	0
5	屠龙者的吊坠	0	1	1	0	0
5	堕落神明坠饰	0	1	1	0	0
2	·-------特殊-----	0	1	1	0	0
5	誓言	0	1	1	0	0
5	聚能环	0	1	1	0	0
5	心灵启示	0	1	1	0	0
5	抚慰之光	0	1	1	0	0
5	殉难者的意志	0	1	1	0	0
5	丛林法则	0	1	1	0	0
5	恶魔之心	0	1	1	0	0
5	暗影坠饰	0	1	1	0	0
5	消逝的时光	0	1	1	0	0
5	神之泪滴	0	1	1	0	0
2	======================	0	1	1	0	0
2	·=======戒指=========	0	1	1	0	0
2	======================	0	1	1	0	0
5	石英戒指	0	1	1	0	0
5	石墨指环	0	1	1	0	0
5	熔岩石戒	0	1	1	0	0
5	力量指环	0	1	1	0	0
5	碧空之戒	0	1	1	0	0
5	象牙指环	0	1	1	0	0
5	神秘戒指	0	1	1	0	0
5	轻蔑之戒	0	1	1	0	0
5	正义灯戒	0	1	1	0	0
5	誓言之戒	0	1	1	0	0
5	机械指环	0	1	1	0	0
5	鲜血戒指	0	1	1	0	0
5	血誓戒指	0	1	1	0	0
5	神木指环	0	1	1	0	0
5	双玉戒指(火冰)	0	1	1	0	0
5	寒冰之印	0	1	1	0	0
5	混沌之环	0	1	1	0	0
5	亡者哀伤	0	1	1	0	0
5	暗影紫玉戒指	0	1	1	0	0
5	飓风戒指	0	1	1	0	0
5	伏魔环	0	1	1	0	0
5	奥维德戒指	0	1	1	0	0
5	风蚀	0	1	1	0	0
5	忠诚徽记之戒	0	1	1	0	0
5	卡库那之戒	0	1	1	0	0
5	奇亚尼尔之戒	0	1	1	0	0
5	拉格纳罗斯之核	0	1	1	0	0
5	阿祖拉的意志	0	1	1	0	0
5	风暴召唤者之怒	0	1	1	0	0
5	拉图拉图之戒	0	1	1	0	0
2	·-特殊--	0	1	1	0	0
5	克洛洛指环	0	1	1	0	0
5	违诺指环	0	1	1	0	0
5	残影	0	1	1	0	0
5	命运守护	0	1	1	0	0
5	悔恨指环	0	1	1	0	0
5	超凡血晶玺戒	0	1	1	0	0
5	天堂风暴	0	1	1	0	0
5	炎怒之灵	0	1	1	0	0
5	梵克雅宝	0	1	1	0	0
5	克虏伯	0	1	1	0	0
2	======================	0	1	1	0	0
2	·=======手镯=========	0	1	1	0	0
2	======================	0	1	1	0	0
5	布腕	0	1	1	0	0
5	皮制护腕	0	1	1	0	0
5	刚硬手镯	0	1	1	0	0
5	破冰手镯	0	1	1	0	0
5	嘲颅手镯	0	1	1	0	0
5	钢铁手镯	0	1	1	0	0
5	暗矛腕轮	0	1	1	0	0
5	赤色护腕	0	1	1	0	0
5	丝沙护腕	0	1	1	0	0
5	闪烁之环	0	1	1	0	0
5	忏悔手镯	0	1	1	0	0
5	光之镯	0	1	1	0	0
5	霜火腕轮	0	1	1	0	0
5	极光护腕	0	1	1	0	0
5	信仰腕轮	0	1	1	0	0
5	迦兰护腕	0	1	1	0	0
5	缚龙者	0	1	1	0	0
5	浸血齿轮	0	1	1	0	0
5	元素师手镯	0	1	1	0	0
5	斥候的魔法手镯	0	1	1	0	0
5	眩光魔法手镯	0	1	1	0	0
5	泰坦冲锋手镯	0	1	1	0	0
5	巨人追猎者护腕	0	1	1	0	0
5	斯基尔的沁血	0	1	1	0	0
5	巴赫里克的手镯	0	1	1	0	0
5	愤怒之心	0	1	1	0	0
5	复仇者护腕	0	1	1	0	0
5	加百利的护臂	0	1	1	0	0
5	赞达拉思考者护臂	0	1	1	0	0
5	灵魂收割者的护腕	0	1	1	0	0
2	·-特殊--	0	1	1	0	0
5	奴隶镣铐	0	1	1	0	0
5	萝拉之夜	0	1	1	0	0
5	织电者手镯	0	1	1	0	0
5	辉煌暴君	0	1	1	0	0
5	融血护腕	0	1	1	0	0
5	沸燃之烬	0	1	1	0	0
5	天谴之石	0	1	1	0	0
5	血吼的亵渎之影	0	1	1	0	0
5	跳动的山脉之心	0	1	1	0	0
5	戈隆之眼	0	1	1	0	0
2	======================	0	1	1	0	0
2	=========腰带=========	0	1	1	0	0
2	======================	0	1	1	0	0
7	裹腰	0	1	1	0	0
7	兽皮腰带	0	1	1	0	0
7	皮带	0	1	1	0	0
7	高阶腰带	0	1	1	0	0
7	坚贞腰带	0	1	1	0	0
7	战争腰带	0	1	1	0	0
7	霜痕腰带	0	1	1	0	0
7	雷霆护腰	0	1	1	0	0
7	统御者腰带	0	1	1	0	0
7	天堂腰带	0	1	1	0	0
7	华丽腰封	0	1	1	0	0
7	贪婪腰带	0	1	1	0	0
7	德尔的耻辱	0	1	1	0	0
7	失踪者的绑腰	0	1	1	0	0
7	奴隶束缚	0	1	1	0	0
7	丛林缠腰	0	1	1	0	0
7	赫布拉斯的缠腰	0	1	1	0	0
7	附魂腰带	0	1	1	0	0
7	破浪护腰	0	1	1	0	0
7	哈林顿的护腰	0	1	1	0	0
7	凶暴食人魔腰带	0	1	1	0	0
7	巫师的腰带	0	1	1	0	0
7	乌克塔的响环腰带	0	1	1	0	0
7	苏塔恩之环	0	1	1	0	0
7	虔诚者	0	1	1	0	0
7	霍尔的祝福	0	1	1	0	0
7	无尽痛苦腰带	0	1	1	0	0
7	赞达拉预言者腰带	0	1	1	0	0
7	沃什加斯的绳索	0	1	1	0	0
7	无尽风暴の腰	0	1	1	0	0
2	·-特殊--	0	1	1	0	0
7	巨龙追猎者	0	1	1	0	0
7	末日守卫	0	1	1	0	0
7	夜幕杀手	0	1	1	0	0
7	无尽噩梦腰带	0	1	1	0	0
7	血色残阳断骨腰带	0	1	1	0	0
7	维克尼拉斯的再生腰带	0	1	1	0	0
7	野性之潮	0	1	1	0	0
7	暗影之怒腰带	0	1	1	0	0
7	寂静之誓	0	1	1	0	0
7	光之流影	0	1	1	0	0
2	======================	0	1	1	0	0
2	=========靴子=========	0	1	1	0	0
2	======================	0	1	1	0	0
7	布鞋	0	1	1	0	0
7	生锈的短靴	0	1	1	0	0
7	破旧的重靴	0	1	1	0	0
7	优良护胫	0	1	1	0	0
7	缠丝靴	0	1	1	0	0
7	重型钢靴	0	1	1	0	0
7	战斗护胫	0	1	1	0	0
7	踏焰长靴	0	1	1	0	0
7	凯恩的凉鞋	0	1	1	0	0
7	匿踪短靴	0	1	1	0	0
7	战狂之靴	0	1	1	0	0
7	船长的捕鲸靴	0	1	1	0	0
7	艾席拉的足迹	0	1	1	0	0
7	黑棘的马刺靴	0	1	1	0	0
7	祖尼玛萨之途	0	1	1	0	0
7	贤者岁月靴	0	1	1	0	0
7	亚拉基尔的步伐	0	1	1	0	0
7	炎魔之蹄	0	1	1	0	0
7	星界护胫	0	1	1	0	0
7	命运阔步靴	0	1	1	0	0
7	御法者护胫	0	1	1	0	0
7	血之结界长靴	0	1	1	0	0
7	秩序之源战靴	0	1	1	0	0
7	熔岩犬皮靴	0	1	1	0	0
7	复仇者的胫甲	0	1	1	0	0
7	林格的暴风雪长靴	0	1	1	0	0
7	裂谷行者	0	1	1	0	0
7	救赎预言长靴	0	1	1	0	0
7	神谕者的裹足	0	1	1	0	0
7	不死鸟之足	0	1	1	0	0
2	·-特殊--	0	1	1	0	0
7	布莱纳的旅途	0	1	1	0	0
7	昂扬姿态	0	1	1	0	0
7	末日足履	0	1	1	0	0
7	地狱行者	0	1	1	0	0
7	不朽之王的步履	0	1	1	0	0
7	黑暗审判者	0	1	1	0	0
7	蒙嘟噜咕的舞步	0	1	1	0	0
7	无限猛袭	0	1	1	0	0
7	古拉德火焰护胫	0	1	1	0	0
7	守护者的意志之靴	0	1	1	0	0
2	======================	0	1	1	0	0
2	·---超级特殊套装	0	1	1	0	0
2	======================	0	1	1	0	0
5	铸魂头盔	0	1	1	0	0
5	铸魂手镯	0	1	1	0	0
5	铸魂项链	0	1	1	0	0
5	铸魂戒指	0	1	1	0	0
7	铸魂腰带	0	1	1	0	0
7	铸魂靴子	0	1	1	0	0
2	0	1	1	0	0	0
5	铁纹头盔	0	1	1	0	0
5	铁纹手镯	0	1	1	0	0
5	铁纹项链	0	1	1	0	0
5	铁纹戒指	0	1	1	0	0
7	铁纹腰带	0	1	1	0	0
7	铁纹靴子	0	1	1	0	0
2	0	1	1	0	0	0
5	龙皮头盔	0	1	1	0	0
5	龙皮手镯	0	1	1	0	0
5	龙皮项链	0	1	1	0	0
5	龙皮戒指	0	1	1	0	0
7	龙皮腰带	0	1	1	0	0
7	龙皮靴子	0	1	1	0	0
2	·----2级超级特殊	0	1	1	0	0
5	英勇头盔	0	1	1	0	0
5	英勇手镯	0	1	1	0	0
5	英勇项链	0	1	1	0	0
5	英勇戒指	0	1	1	0	0
7	英勇腰带	0	1	1	0	0
7	英勇靴子	0	1	1	0	0
2	0	1	1	0	0	0
5	救赎头盔	0	1	1	0	0
5	救赎手镯	0	1	1	0	0
5	救赎项链	0	1	1	0	0
5	救赎戒指	0	1	1	0	0
7	救赎腰带	0	1	1	0	0
7	救赎靴子	0	1	1	0	0
2	0	1	1	0	0	0
5	兽王头盔	0	1	1	0	0
5	兽王手镯	0	1	1	0	0
5	兽王项链	0	1	1	0	0
5	兽王戒指	0	1	1	0	0
7	兽王腰带	0	1	1	0	0
7	兽王靴子	0	1	1	0	0
2	·----3级超级特殊	0	1	1	0	0
5	骨镰头盔	0	1	1	0	0
5	骨镰手镯	0	1	1	0	0
5	骨镰项链	0	1	1	0	0
5	骨镰戒指	0	1	1	0	0
7	骨镰腰带	0	1	1	0	0
7	骨镰靴子	0	1	1	0	0
2	0	1	1	0	0	0
5	预言者头盔	0	1	1	0	0
5	预言者手镯	0	1	1	0	0
5	预言者项链	0	1	1	0	0
5	预言者戒指	0	1	1	0	0
7	预言者腰带	0	1	1	0	0
7	预言者靴子	0	1	1	0	0
2	0	1	1	0	0	0
5	霜火头盔	0	1	1	0	0
5	霜火手镯	0	1	1	0	0
5	霜火项链	0	1	1	0	0
5	霜火戒指	0	1	1	0	0
7	霜火腰带	0	1	1	0	0
7	霜火靴子	0	1	1	0	0
2	·----4级超级特殊	0	1	1	0	0
5	瘟疫头盔	0	1	1	0	0
5	瘟疫手镯	0	1	1	0	0
5	瘟疫项链	0	1	1	0	0
5	瘟疫戒指	0	1	1	0	0
7	瘟疫腰带	0	1	1	0	0
7	瘟疫靴子	0	1	1	0	0
2	0	1	1	0	0	0
5	鬼纹头盔	0	1	1	0	0
5	鬼纹手镯	0	1	1	0	0
5	鬼纹项链	0	1	1	0	0
5	鬼纹戒指	0	1	1	0	0
7	鬼纹腰带	0	1	1	0	0
7	鬼纹靴子	0	1	1	0	0
2	0	1	1	0	0	0
5	死雾头盔	0	1	1	0	0
5	死雾手镯	0	1	1	0	0
5	死雾项链	0	1	1	0	0
5	死雾戒指	0	1	1	0	0
7	死雾腰带	0	1	1	0	0
7	死雾靴子	0	1	1	0	0
2	·----5级超级特殊	0	1	1	0	0
5	厄运头盔	0	1	1	0	0
5	厄运手镯	0	1	1	0	0
5	厄运项链	0	1	1	0	0
5	厄运戒指	0	1	1	0	0
7	厄运腰带	0	1	1	0	0
7	厄运靴子	0	1	1	0	0
2	0	1	1	0	0	0
5	复仇头盔	0	1	1	0	0
5	复仇手镯	0	1	1	0	0
5	复仇项链	0	1	1	0	0
5	复仇戒指	0	1	1	0	0
7	复仇腰带	0	1	1	0	0
7	复仇靴子	0	1	1	0	0
2	0	1	1	0	0	0
5	梦游者头盔	0	1	1	0	0
5	梦游者手镯	0	1	1	0	0
5	梦游者项链	0	1	1	0	0
5	梦游者戒指	0	1	1	0	0
7	梦游者腰带	0	1	1	0	0
7	梦游者靴子	0	1	1	0	0
2	·---6级超级特殊	0	1	1	0	0
5	狂野头盔	0	1	1	0	0
5	狂野手镯	0	1	1	0	0
5	狂野项链	0	1	1	0	0
5	狂野戒指	0	1	1	0	0
7	狂野腰带	0	1	1	0	0
7	狂野靴子	0	1	1	0	0
2	0	1	1	0	0	0
5	起源头盔	0	1	1	0	0
5	起源手镯	0	1	1	0	0
5	起源项链	0	1	1	0	0
5	起源戒指	0	1	1	0	0
7	起源腰带	0	1	1	0	0
7	起源靴子	0	1	1	0	0
2	0	1	1	0	0	0
5	无畏头盔	0	1	1	0	0
5	无畏手镯	0	1	1	0	0
5	无畏项链	0	1	1	0	0
5	无畏戒指	0	1	1	0	0
7	无畏腰带	0	1	1	0	0
7	无畏靴子	0	1	1	0	0
2	·---7级超级特殊	0	1	1	0	0
5	少校的庇护头盔	0	1	1	0	0
5	少校的庇护手镯	0	1	1	0	0
5	少校的庇护项链	0	1	1	0	0
5	少校的庇护戒指	0	1	1	0	0
7	少校的庇护腰带	0	1	1	0	0
7	少校的庇护靴子	0	1	1	0	0
2	0	1	1	0	0	0
5	少校的圣装头盔	0	1	1	0	0
5	少校的圣装手镯	0	1	1	0	0
5	少校的圣装项链	0	1	1	0	0
5	少校的圣装戒指	0	1	1	0	0
7	少校的圣装腰带	0	1	1	0	0
7	少校的圣装靴子	0	1	1	0	0
2	0	1	1	0	0	0
5	勇士的风暴头盔	0	1	1	0	0
5	勇士的风暴手镯	0	1	1	0	0
5	勇士的风暴项链	0	1	1	0	0
5	勇士的风暴戒指	0	1	1	0	0
7	勇士的风暴腰带	0	1	1	0	0
7	勇士的风暴靴子	0	1	1	0	0
2	·---8级超级特殊	0	1	1	0	0
5	大督军头盔	0	1	1	0	0
5	大督军手镯	0	1	1	0	0
5	大督军项链	0	1	1	0	0
5	大督军戒指	0	1	1	0	0
7	大督军腰带	0	1	1	0	0
7	大督军靴子	0	1	1	0	0
2	0	1	1	0	0	0
5	大祭司头盔	0	1	1	0	0
5	大祭司手镯	0	1	1	0	0
5	大祭司项链	0	1	1	0	0
5	大祭司戒指	0	1	1	0	0
7	大祭司腰带	0	1	1	0	0
7	大祭司靴子	0	1	1	0	0
2	0	1	1	0	0	0
5	大元帅头盔	0	1	1	0	0
5	大元帅手镯	0	1	1	0	0
5	大元帅项链	0	1	1	0	0
5	大元帅戒指	0	1	1	0	0
7	大元帅腰带	0	1	1	0	0
7	大元帅靴子	0	1	1	0	0
2	·---转生炼药材料	0	1	1	0	0
1	宁神花	0	1	1	0	0
1	银叶草	0	1	1	0	0
1	地根草	0	1	1	0	0
1	魔皇草	0	1	1	0	0
1	石南草	0	1	1	0	0
1	荆棘藻	0	1	1	0	0
1	跌打草	0	1	1	0	0
1	野钢花	0	1	1	0	0
1	墓地苔	0	1	1	0	0
1	皇血草	0	1	1	0	0
1	紫莲花	0	1	1	0	0
1	太阳草	0	1	1	0	0
1	幽灵菇	0	1	1	0	0
1	黄金参	0	1	1	0	0
1	梦叶草	0	1	1	0	0
1	黑莲花	0	1	1	0	0
1	火焰花	0	1	1	0	0
1	卡德加的胡须	0	1	1	0	0
1	阿尔萨斯之泪	0	1	1	0	0
1	格罗姆之血	0	1	1	0	0
2	·---药品	0	1	1	0	0
1	初级石化合剂	0	1	1	0	0
1	高级石化合剂	0	1	1	0	0
1	超级石化合剂	0	1	1	0	0
1	神级石化合剂	0	1	1	0	0
2	1	0	1	1	0	0
1	初级泰坦合剂	0	1	1	0	0
1	高级泰坦合剂	0	1	1	0	0
1	超级泰坦合剂	0	1	1	0	0
1	神级泰坦合剂	0	1	1	0	0
2	1	0	1	1	0	0
1	普通法力药水	0	1	1	0	0
1	高级法力药水	0	1	1	0	0
1	超级法力药水	0	1	1	0	0
1	特效法力药水	0	1	1	0	0
2	1	0	1	1	0	0
1	普通幸运药水	0	1	1	0	0
1	高级幸运药水	0	1	1	0	0
1	超级幸运药水	0	1	1	0	0
1	强效幸运药水	0	1	1	0	0
2	1	0	1	1	0	0
1	普通奥术防护药水	0	1	1	0	0
1	高级奥术防护药水	0	1	1	0	0
1	超级奥术防护药水	0	1	1	0	0
1	强效奥术防护药水	0	1	1	0	0
2	1	0	1	1	0	0
1	初级巨魔之血药水	0	1	1	0	0
1	高级巨魔之血药水	0	1	1	0	0
1	超级巨魔之血药水	0	1	1	0	0
1	特效巨魔之血药水	0	1	1	0	0
2	1	0	1	1	0	0
1	净化药水[特殊]	0	1	1	0	0
1	蛮力药剂[特殊]	0	1	1	0	0
1	特效治疗药膏[特殊]	0	1	1	0	0
1	有限无敌药水[特殊]	0	1	1	0	0
1	魔血药水[特殊]	0	1	1	0	0
1	隐形药水[特殊]	0	1	1	0	0
2	1	0	1	1	0	0
1	屠魔药剂[普通]	0	1	1	0	0
1	屠魔药剂[高级]	0	1	1	0	0
1	屠魔药剂[超级]	0	1	1	0	0
1	屠魔药剂[特效]	0	1	1	0	0
1	屠魔药剂[神]	0	1	1	0	0
2	1	0	1	1	0	0
1	初级力量药剂	0	1	1	0	0
1	高级力量药剂	0	1	1	0	0
1	超级力量药剂	0	1	1	0	0
1	强效力量药剂	0	1	1	0	0
1	神级力量药剂	0	1	1	0	0
2	1	0	1	1	0	0
1	初级智力药剂	0	1	1	0	0
1	高级智力药剂	0	1	1	0	0
1	超级智力药剂	0	1	1	0	0
1	强效智力药剂	0	1	1	0	0
1	神级智力药剂	0	1	1	0	0
2	0	1	1	0	0	0
1	初级敏捷药剂	0	1	1	0	0
1	高级敏捷药剂	0	1	1	0	0
1	超级敏捷药剂	0	1	1	0	0
1	强效敏捷药剂	0	1	1	0	0
1	神级敏捷药剂	0	1	1	0	0
2	0	1	1	0	0	0
2	1--------------超级特殊	0	1	1	0	0
1	滋补药剂	0	1	1	0	0
1	自由行动药剂	0	1	1	0	0
1	神圣防护药水	0	1	1	0	0
1	古神的祝福	0	1	1	0	0
2	*	0	1	1	0	0
2	*	0	1	1	0	0
2	*	0	1	1	0	0
2	*	0	1	1	0	0
1	神圣防护	0	1	1	0	0
2	1--------------称号材料	0	1	1	0	0
1	魔兽徽章	0	1	1	0	0
1	英勇雕像	0	1	1	0	0
1	战争荣誉	0	1	1	0	0
1	英雄之血	0	1	1	0	0
2	1-------------称号	0	1	1	0	0
1	列兵	0	1	1	0	0
1	下士	0	1	1	0	0
1	中士	0	1	1	0	0
1	军士长	0	1	1	0	0
1	士官长	0	1	1	0	0
1	骑士	0	1	1	0	0
1	骑士中尉	0	1	1	0	0
1	骑士上尉	0	1	1	0	0
1	骑士队长	0	1	1	0	0
1	护卫骑士	0	1	1	0	0
1	少校	0	1	1	0	0
1	中校	0	1	1	0	0
1	上校	0	1	1	0	0
1	大校	0	1	1	0	0
1	司令	0	1	1	0	0
1	统帅	0	1	1	0	0
1	元帅	0	1	1	0	0
1	大元帅	0	1	1	0	0
2	1-------时装	0	1	1	0	0
1	探险家	0	1	1	0	0
1	求生专家	0	1	1	0	0
1	骄纵	0	1	1	0	0
1	执法官	0	1	1	0	0
1	黑暗来犯	0	1	1	0	0
1	诗人	0	1	1	0	0
1	绅士之风	0	1	1	0	0
1	隐士	0	1	1	0	0
1	吟游铁人	0	1	1	0	0
1	亡灵法师	0	1	1	0	0
1	屹立不败	0	1	1	0	0
1	黑暗游侠	0	1	1	0	0
2	1------生肖1	0	1	1	0	0
5	响骨印记	0	1	1	0	0
5	瑰宝印记	0	1	1	0	0
5	失时印记	0	1	1	0	0
5	刺脊印记	0	1	1	0	0
5	毒蟾印记	0	1	1	0	0
5	怨魂印记	0	1	1	0	0
5	巨塔印记	0	1	1	0	0
5	隆冬印记	0	1	1	0	0
5	灵界印记	0	1	1	0	0
5	愈体印记	0	1	1	0	0
5	魅魂印记	0	1	1	0	0
5	噬咬印记	0	1	1	0	0
2	1------生肖2	0	1	1	0	0
5	血肉魂石	0	1	1	0	0
5	振奋魂石	0	1	1	0	0
5	信仰魂石	0	1	1	0	0
5	庇佑魂石	0	1	1	0	0
5	狂暴魂石	0	1	1	0	0
5	剑盾魂石	0	1	1	0	0
5	杀意魂石	0	1	1	0	0
5	钢铁魂石	0	1	1	0	0
5	罪孽魂石	0	1	1	0	0
5	逐破魂石	0	1	1	0	0
5	鲜血魂石	0	1	1	0	0
5	灵境魂石	0	1	1	0	0
2	1------生肖3	0	1	1	0	0
5	真言圣物	0	1	1	0	0
5	坚毅圣物	0	1	1	0	0
5	统御圣物	0	1	1	0	0
5	欺瞒圣物	0	1	1	0	0
5	死亡圣物	0	1	1	0	0
5	祭血圣物	0	1	1	0	0
5	奥能圣物	0	1	1	0	0
5	幻法圣物	0	1	1	0	0
5	星辰圣物	0	1	1	0	0
5	烧焚圣物	0	1	1	0	0
5	无畏圣物	0	1	1	0	0
5	恶惧圣物	0	1	1	0	0
2	1------生肖4	0	1	1	0	0
5	先知魔饰	0	1	1	0	0
5	占卜魔饰	0	1	1	0	0
5	君王魔饰	0	1	1	0	0
5	升化魔饰	0	1	1	0	0
5	光辉魔饰	0	1	1	0	0
5	永恒魔饰	0	1	1	0	0
5	圣者魔饰	0	1	1	0	0
5	奇筋魔饰	0	1	1	0	0
5	劲灵魔饰	0	1	1	0	0
5	韵律魔饰	0	1	1	0	0
5	神秘魔饰	0	1	1	0	0
5	狂猛魔饰	0	1	1	0	0
2	1------印记	0	1	1	0	0
1	升灵徽记	0	1	1	0	0
1	守护徽记	0	1	1	0	0
1	圣化徽记	0	1	1	0	0
1	圣洁徽记	0	1	1	0	0
1	骨牙徽记	0	1	1	0	0
1	刀脊徽记	0	1	1	0	0
1	追重者徽记	0	1	1	0	0
1	神圣徽记	0	1	1	0	0
1	烟熏香炉	0	1	1	0	0
1	先知之手	0	1	1	0	0
1	魔电涌器	0	1	1	0	0
1	变形镜	0	1	1	0	0
1	骷髅钥匙	0	1	1	0	0
1	邪恶拆信刀	0	1	1	0	0
1	蝎尾刺	0	1	1	0	0
1	掷命骰	0	1	1	0	0
1	魔尘袋	0	1	1	0	0
1	壮丽骨骰	0	1	1	0	0
1	情缘	0	1	1	0	0
1	火龙遗物	0	1	1	0	0
1	疯王的剑梢	0	1	1	0	0
1	精致法典	0	1	1	0	0
1	虹光	0	1	1	0	0
1	世界献礼	0	1	1	0	0
1	碧蓝怒火	0	1	1	0	0
1	恶魔之舌	0	1	1	0	0
1	琥珀之翼	0	1	1	0	0
1	绝命	0	1	1	0	0
1	憎恨恶意	0	1	1	0	0
1	噬生	0	1	1	0	0
1	亡者寅礼	0	1	1	0	0
2	1-----------披风	0	1	1	0	0
7	老兵披风	0	1	1	0	0
7	宽披肩	0	1	1	0	0
7	潜伏者罩袍	0	1	1	0	0
7	主教外袍	0	1	1	0	0
7	猎手披风	0	1	1	0	0
7	守护披风	0	1	1	0	0
7	恐惧披风	0	1	1	0	0
7	追踪者斗篷	0	1	1	0	0
7	死亡之拥	0	1	1	0	0
7	暗夜斗篷	0	1	1	0	0
7	远行者的召唤	0	1	1	0	0
7	沃玛之皮	0	1	1	0	0
7	黑羽	0	1	1	0	0
7	幻影斗篷	0	1	1	0	0
7	亡者拥抱	0	1	1	0	0
7	困魔笼	0	1	1	0	0
7	天鹰斗篷	0	1	1	0	0
7	钢铁之心	0	1	1	0	0
7	黄金之肤	0	1	1	0	0
7	清水羽织	0	1	1	0	0
7	征服者斗篷	0	1	1	0	0
7	血歌锁袍	0	1	1	0	0
7	安魂之力	0	1	1	0	0
7	燃火斗篷	0	1	1	0	0
7	炎魔守护	0	1	1	0	0
7	君王斗篷	0	1	1	0	0
7	邪魔幽冥束罩	0	1	1	0	0
7	祭礼之言	0	1	1	0	0
7	圣洁荣耀	0	1	1	0	0
7	魔龙湮灭	0	1	1	0	0
7	孤傲的蔑视	0	1	1	0	0
2	1-----------------宝石	0	1	1	0	0
7	灵魂碎片	0	1	1	0	0
7	闪耀冰晶	0	1	1	0	0
7	黑秘石	0	1	1	0	0
7	太极	0	1	1	0	0
7	至简之力	0	1	1	0	0
7	复仇之石	0	1	1	0	0
7	羚砂囊	0	1	1	0	0
7	侍从勾玉	0	1	1	0	0
7	闪电华冠	0	1	1	0	0
7	皇家宝石	0	1	1	0	0
7	自在宝石	0	1	1	0	0
7	困者之祸	0	1	1	0	0
7	强者之力	0	1	1	0	0
7	梦之遗礼	0	1	1	0	0
7	祖玛头像	0	1	1	0	0
7	龙葵之羽	0	1	1	0	0
7	战争挂毯	0	1	1	0	0
7	贪婪之妒	0	1	1	0	0
7	强者准则	0	1	1	0	0
7	礼赞宝石	0	1	1	0	0
7	怒涌之心	0	1	1	0	0
7	狂君之怒	0	1	1	0	0
7	辛迪亚圣水	0	1	1	0	0
7	死神赌注	0	1	1	0	0
7	拯救之环	0	1	1	0	0
7	腐化符文	0	1	1	0	0
7	宝石剑鞘	0	1	1	0	0
7	邪教文献	0	1	1	0	0
7	地精屯宝石	0	1	1	0	0
7	噩兆之书	0	1	1	0	0
7	旧世精魄	0	1	1	0	0
2	1-----------护符	0	1	1	0	0
7	破碎誓言	0	1	1	0	0
7	荆棘之章	0	1	1	0	0
7	魔幻戏法	0	1	1	0	0
7	月光护符	0	1	1	0	0
7	窥视之眼	0	1	1	0	0
7	贪婪坠匣	0	1	1	0	0
7	圣灯	0	1	1	0	0
7	时光流韵	0	1	1	0	0
7	轮回之蛇	0	1	1	0	0
7	不散阴魂	0	1	1	0	0
7	先人庇佑	0	1	1	0	0
7	勋爵雕饰	0	1	1	0	0
7	妄念	0	1	1	0	0
7	兵要护符	0	1	1	0	0
7	吸魂镜	0	1	1	0	0
7	鬼灵面容	0	1	1	0	0
7	明眼护符	0	1	1	0	0
7	圣人智慧	0	1	1	0	0
7	君王护符	0	1	1	0	0
7	黄道之心	0	1	1	0	0
7	永恒盟约	0	1	1	0	0
7	英豪之愿	0	1	1	0	0
7	神目	0	1	1	0	0
7	弧光之影	0	1	1	0	0
7	碧空护符	0	1	1	0	0
7	千魂狱	0	1	1	0	0
7	金宝的金牌	0	1	1	0	0
7	黑牙咒箍	0	1	1	0	0
7	亡爪魔符	0	1	1	0	0
7	海灵万花筒	0	1	1	0	0
7	钴蓝魔羽	0	1	1	0	0
2	1------------头饰	0	1	1	0	0
6	头骨串	0	1	1	0	0
6	恶念	0	1	1	0	0
6	血祭	0	1	1	0	0
6	小鬼符	0	1	1	0	0
6	刺眼毒蛙	0	1	1	0	0
6	悲伤仪容	0	1	1	0	0
6	邪恶虫巢	0	1	1	0	0
6	观死	0	1	1	0	0
6	铜头蛇	0	1	1	0	0
6	祖玛之视	0	1	1	0	0
6	巨型星团	0	1	1	0	0
6	杀戮之面	0	1	1	0	0
6	勘察之面	0	1	1	0	0
6	催眠魔眼	0	1	1	0	0
6	极惧之眠	0	1	1	0	0
6	赤红魔面	0	1	1	0	0
6	亵渎魔喙	0	1	1	0	0
6	密文面容	0	1	1	0	0
6	先锋面甲	0	1	1	0	0
6	阴界面具	0	1	1	0	0
6	升灵面罩	0	1	1	0	0
6	树妖图腾	0	1	1	0	0
6	巨匠符咒	0	1	1	0	0
6	开叉獠牙	0	1	1	0	0
6	狞笑死神	0	1	1	0	0
6	邪毒狂欢	0	1	1	0	0
6	死亡凝视	0	1	1	0	0
6	酋长之荣	0	1	1	0	0
6	君王凝视	0	1	1	0	0
6	姬月之面	0	1	1	0	0
6	天神凶相	0	1	1	0	0
2	1------------副手	0	1	1	0	0
1	象牙塔	0	1	1	0	0
1	骷髅盾	0	1	1	0	0
1	折射成冰	0	1	1	0	0
1	警戒之墙	0	1	1	0	0
1	不破之钢	0	1	1	0	0
1	风暴之盾	0	1	1	0	0
1	狼牙刺盾	0	1	1	0	0
1	神圣壁障	0	1	1	0	0
1	霸者坎盾	0	1	1	0	0
1	坚毅之塔	0	1	1	0	0
1	威能鸢盾	0	1	1	0	0
1	巨人魔盾	0	1	1	0	0
1	刚劲之塔	0	1	1	0	0
1	和谐魔垒	0	1	1	0	0
1	祭者之垒	0	1	1	0	0
1	漆彩十字架	0	1	1	0	0
1	圣麟盾	0	1	1	0	0
1	灵相之阻御	0	1	1	0	0
1	冷芒壁垒	0	1	1	0	0
1	黄金圣炎	0	1	1	0	0
1	铜锻符文盾	0	1	1	0	0
1	暗金圣记	0	1	1	0	0
1	远古乌木	0	1	1	0	0
1	愤怒壁垒	0	1	1	0	0
1	祖玛守御	0	1	1	0	0
1	龙之顿悟	0	1	1	0	0
1	世界信念	0	1	1	0	0
1	苍夜见证者	0	1	1	0	0
1	无情斗阵	0	1	1	0	0
1	地狱颅骨	0	1	1	0	0
1	皇家保卫者	0	1	1	0	0
2	*	0	1	1	0	0
1	*	0	1	1	0	0
1	*	0	1	1	0	0
1	*	0	1	1	0	0
1	*	0	1	1	0	0
1	*	0	1	1	0	0
1	*	0	1	1	0	0
1	*	0	1	1	0	0
1	---转生材料	0	1	1	0	0
1	一转天使之羽	0	1	1	0	0
1	二转天使之羽	0	1	1	0	0
1	三转天使之羽	0	1	1	0	0
1	四转天使之羽	0	1	1	0	0
1	五转天使之羽	0	1	1	0	0
1	六转天使之羽	0	1	1	0	0
1	七转天使之羽	0	1	1	0	0
1	八转天使之羽	0	1	1	0	0
1	九转天使之羽	0	1	1	0	0
1	十转天使之羽	0	1	1	0	0
1	11转天使之羽	0	1	1	0	0
1	12转天使之羽	0	1	1	0	0
1	13转天使之羽	0	1	1	0	0
1	14转天使之羽	0	1	1	0	0
1	15转天使之羽	0	1	1	0	0
1	16转天使之羽	0	1	1	0	0
1	17转天使之羽	0	1	1	0	0
1	18转天使之羽	0	1	1	0	0
1	19转天使之羽	0	1	1	0	0
1	20转天使之羽	0	1	1	0	0
1	备用天使之羽	0	1	1	0	0
1	备用天使之羽	0	1	1	0	0
1	备用天使之羽	0	1	1	0	0
1	备用天使之羽	0	1	1	0	0
1	备用天使之羽	0	1	1	0	0
1	备用天使之羽	0	1	1	0	0
1	备用天使之羽	0	1	1	0	0
1	*	0	1	1	0	0
1	*	0	1	1	0	0
1	*	0	1	1	0	0
1	*	0	1	1	0	0
1	*	0	1	1	0	0
1	*	0	1	1	0	0
2	*	0	1	1	0	0
1	*	0	1	1	0	0
1	*	0	1	1	0	0
1	*	0	1	1	0	0
1	*	0	1	1	0	0
1	*	0	1	1	0	0
2	*	0	1	1	0	0
1	*	0	1	1	0	0
1	*	0	1	1	0	0
1	*	0	1	1	0	0
1	*	0	1	1	0	0
1	*	0	1	1	0	0
2	*	0	1	1	0	0
1	*	0	1	1	0	0
1	*	0	1	1	0	0
1	*	0	1	1	0	0
1	*	0	1	1	0	0
1	*	0	1	1	0	0
2	*	0	1	1	0	0
1	*	0	1	1	0	0
1	*	0	1	1	0	0
1	*	0	1	1	0	0
1	*	0	1	1	0	0
1	*	0	1	1	0	0
2	*	0	1	1	0	0
1	*	0	1	1	0	0
1	*	0	1	1	0	0
1	*	0	1	1	0	0
1	*	0	1	1	0	0
1	*	0	1	1	0	0
2	*	0	1	1	0	0
1	*	0	1	1	0	0
1	*	0	1	1	0	0
1	*	0	1	1	0	0
1	*	0	1	1	0	0
1	*	0	1	1	0	0
2	*	0	1	1	0	0
1	*	0	1	1	0	0
1	*	0	1	1	0	0
1	*	0	1	1	0	0
1	*	0	1	1	0	0
1	*	0	1	1	0	0
2	*	0	1	1	0	0
1	*	0	1	1	0	0
1	*	0	1	1	0	0
1	*	0	1	1	0	0
1	*	0	1	1	0	0
1	*	0	1	1	0	0
2	*	0	1	1	0	0
1	*	0	1	1	0	0
1	*	0	1	1	0	0
1	*	0	1	1	0	0
1	*	0	1	1	0	0
1	*	0	1	1	0	0
2	*	0	1	1	0	0
1	*	0	1	1	0	0
1	*	0	1	1	0	0
1	*	0	1	1	0	0
1	*	0	1	1	0	0
1	*	0	1	1	0	0
2	*	0	1	1	0	0
1	*	0	1	1	0	0
1	*	0	1	1	0	0
1	*	0	1	1	0	0
1	*	0	1	1	0	0
1	*	0	1	1	0	0
2	*	0	1	1	0	0
1	*	0	1	1	0	0
1	*	0	1	1	0	0
1	*	0	1	1	0	0
1	*	0	1	1	0	0
1	*	0	1	1	0	0
2	*	0	1	1	0	0
1	*	0	1	1	0	0
1	*	0	1	1	0	0
1	*	0	1	1	0	0
1	*	0	1	1	0	0
1	*	0	1	1	0	0
2	*	0	1	1	0	0
1	*	0	1	1	0	0
1	*	0	1	1	0	0
1	*	0	1	1	0	0
1	*	0	1	1	0	0
1	*	0	1	1	0	0
2	*	0	1	1	0	0
1	*	0	1	1	0	0
1	*	0	1	1	0	0
1	*	0	1	1	0	0
1	*	0	1	1	0	0
1	*	0	1	1	0	0
2	*	0	1	1	0	0
1	*	0	1	1	0	0
1	*	0	1	1	0	0
1	*	0	1	1	0	0
1	*	0	1	1	0	0
1	*	0	1	1	0	0
2	*	0	1	1	0	0
1	*	0	1	1	0	0
1	*	0	1	1	0	0
1	*	0	1	1	0	0
1	*	0	1	1	0	0
1	*	0	1	1	0	0
2	*	0	1	1	0	0
1	*	0	1	1	0	0
1	*	0	1	1	0	0
1	*	0	1	1	0	0
1	*	0	1	1	0	0
1	*	0	1	1	0	0
2	*	0	1	1	0	0
1	*	0	1	1	0	0
1	*	0	1	1	0	0
1	*	0	1	1	0	0
1	*	0	1	1	0	0
1	*	0	1	1	0	0
2	*	0	1	1	0	0
1	*	0	1	1	0	0
1	*	0	1	1	0	0
1	*	0	1	1	0	0
1	*	0	1	1	0	0
1	*	0	1	1	0	0
2	*	0	1	1	0	0
1	*	0	1	1	0	0
1	*	0	1	1	0	0
1	*	0	1	1	0	0
1	*	0	1	1	0	0
1	*	0	1	1	0	0
2	*	0	1	1	0	0
1	*	0	1	1	0	0
1	*	0	1	1	0	0
1	*	0	1	1	0	0
1	*	0	1	1	0	0
1	*	0	1	1	0	0
2	*	0	1	1	0	0
1	*	0	1	1	0	0
1	*	0	1	1	0	0
1	*	0	1	1	0	0
1	*	0	1	1	0	0
1	*	0	1	1	0	0
2	*	0	1	1	0	0
1	*	0	1	1	0	0
1	*	0	1	1	0	0
1	*	0	1	1	0	0
1	*	0	1	1	0	0
1	*	0	1	1	0	0
2	*	0	1	1	0	0
1	*	0	1	1	0	0
1	*	0	1	1	0	0
1	*	0	1	1	0	0
1	*	0	1	1	0	0
1	*	0	1	1	0	0
2	*	0	1	1	0	0
1	*	0	1	1	0	0
1	*	0	1	1	0	0
1	*	0	1	1	0	0
1	*	0	1	1	0	0
1	*	0	1	1	0	0
2	*	0	1	1	0	0
1	*	0	1	1	0	0
1	*	0	1	1	0	0
1	*	0	1	1	0	0
1	*	0	1	1	0	0
1	*	0	1	1	0	0
2	*	0	1	1	0	0
1	*	0	1	1	0	0
2	*	0	1	1	0	0
1	*	0	1	1	0	0
1	*	0	1	1	0	0
1	*	0	1	1	0	0
1	*	0	1	1	0	0
1	*	0	1	1	0	0
2	*	0	1	1	0	0
1	*	0	1	1	0	0
1	*	0	1	1	0	0
1	*	0	1	1	0	0
1	*	0	1	1	0	0
1	*	0	1	1	0	0
2	*	0	1	1	0	0
2	*	0	1	1	0	0
2	*	0	1	1	0	0
2	*	0	1	1	0	0
2	*	0	1	1	0	0
2	*	0	1	1	0	0
2	1-------高级材料	0	1	1	0	0
1	灵魂宝石	0	1	1	0	0
1	魔幻宝石	0	1	1	0	0
1	白骨之魂	0	1	1	0	0
1	遗忘之魂	0	1	1	0	0
1	惊悚之心	0	1	1	0	0
1	炽烈硫磺	0	1	1	0	0
2	1----------图纸1徽记	0	1	1	0	0
1	银桩圣物图纸	0	1	1	0	0
1	破天图纸	0	1	1	0	0
1	执政官的锋芒图纸	0	1	1	0	0
1	巫师典礼图纸	0	1	1	0	0
1	瑞莫的遗物图纸	0	1	1	0	0
1	正义使者图纸	0	1	1	0	0
1	鲸骨图纸	0	1	1	0	0
1	天穹信使图纸	0	1	1	0	0
1	仪祭信物图纸	0	1	1	0	0
1	老巫还魂图纸	0	1	1	0	0
2	1----------图纸马牌(披风)	0	1	1	0	0
1	恶魔之皮图纸	0	1	1	0	0
1	夜剿图纸	0	1	1	0	0
1	统治之氅图纸	0	1	1	0	0
1	死亡之触摸图纸	0	1	1	0	0
1	复仇之风图纸	0	1	1	0	0
1	无悯斗篷图纸	0	1	1	0	0
1	矛隼之罩图纸	0	1	1	0	0
1	魔龙的惩戒图纸	0	1	1	0	0
1	维林诺的仁慈图纸	0	1	1	0	0
1	霍比特人的幽影图纸	0	1	1	0	0
2	1----------图纸宝石	0	1	1	0	0
1	扭曲之心图纸	0	1	1	0	0
1	御魔碧蓝图纸	0	1	1	0	0
1	阿拉贡的结晶图纸	0	1	1	0	0
1	古墓岗的陨石图纸	0	1	1	0	0
1	圣盔古的黑水晶图纸	0	1	1	0	0
1	真知晶球图纸	0	1	1	0	0
1	尸罗图纸	0	1	1	0	0
1	黑门图纸	0	1	1	0	0
1	魔戒碎屑图纸	0	1	1	0	0
1	戒灵图纸	0	1	1	0	0
2	1----------图纸勋章	0	1	1	0	0
1	守护者的险镜图纸	0	1	1	0	0
1	上帝之手图纸	0	1	1	0	0
1	奥法星刺图纸	0	1	1	0	0
1	血魔法之锋图纸	0	1	1	0	0
1	御法者图纸	0	1	1	0	0
1	甘道夫的坠匣图纸	0	1	1	0	0
1	萨鲁曼的愿景图纸	0	1	1	0	0
1	夏尔之秘钥图纸	0	1	1	0	0
1	十字军徽章图纸	0	1	1	0	0
1	巫王的誓言图纸	0	1	1	0	0
2	1----------图纸面巾	0	1	1	0	0
1	咕噜的凶相图纸	0	1	1	0	0
1	哈姆雷特的权利图纸	0	1	1	0	0
1	圣灵的劝诫图纸	0	1	1	0	0
1	贤者之旅图纸	0	1	1	0	0
1	活影之誓言图纸	0	1	1	0	0
1	祖玛的咆哮图纸	0	1	1	0	0
1	宇宙缩影图纸	0	1	1	0	0
1	降瘟图纸	0	1	1	0	0
1	夺魂者图纸	0	1	1	0	0
1	金色煞星图纸	0	1	1	0	0
2	1----------图纸盾牌	0	1	1	0	0
1	尸墙图纸	0	1	1	0	0
1	神圣护卫图纸	0	1	1	0	0
1	灵魂之墙图纸	0	1	1	0	0
1	白骨垒脊图纸	0	1	1	0	0
1	阴界誓约图纸	0	1	1	0	0
1	熔火飞渣图纸	0	1	1	0	0
1	跃马壁垒图纸	0	1	1	0	0
1	莫斯利的守护图纸	0	1	1	0	0
1	魔戈的意志图纸	0	1	1	0	0
1	中土御守图纸	0	1	1	0	0
2	1=====================	0	1	1	0	0
2	1----------1印记图纸装备	0	1	1	0	0
1	银桩圣物	0	1	1	0	0
1	破天	0	1	1	0	0
1	执政官的锋芒	0	1	1	0	0
1	巫师典礼	0	1	1	0	0
1	瑞莫的遗物	0	1	1	0	0
1	正义使者	0	1	1	0	0
1	鲸骨	0	1	1	0	0
1	天穹信使	0	1	1	0	0
1	仪祭信物	0	1	1	0	0
1	老巫还魂	0	1	1	0	0
2	1--------图纸马牌(披风)装备	0	1	1	0	0
7	恶魔之皮	0	1	1	0	0
7	夜剿	0	1	1	0	0
7	统治之氅	0	1	1	0	0
7	死亡之触摸	0	1	1	0	0
7	复仇之风	0	1	1	0	0
7	无悯斗篷	0	1	1	0	0
7	矛隼之罩	0	1	1	0	0
7	魔龙的惩戒	0	1	1	0	0
7	维林诺的仁慈	0	1	1	0	0
7	霍比特人的幽影	0	1	1	0	0
2	1----------图纸宝石装备	0	1	1	0	0
7	扭曲之心	0	1	1	0	0
7	御魔碧蓝	0	1	1	0	0
7	阿拉贡的结晶	0	1	1	0	0
7	古墓岗的陨石	0	1	1	0	0
7	圣盔古的黑水晶	0	1	1	0	0
7	真知晶球	0	1	1	0	0
7	尸罗	0	1	1	0	0
7	黑门	0	1	1	0	0
7	魔戒碎屑	0	1	1	0	0
7	戒灵	0	1	1	0	0
2	1----------图纸护符装备	0	1	1	0	0
7	守护者的险镜	0	1	1	0	0
7	上帝之手	0	1	1	0	0
7	奥法星刺	0	1	1	0	0
7	血魔法之锋	0	1	1	0	0
7	御法者	0	1	1	0	0
7	甘道夫的坠匣	0	1	1	0	0
7	萨鲁曼的愿景	0	1	1	0	0
7	夏尔之秘钥	0	1	1	0	0
7	十字军徽章	0	1	1	0	0
7	巫王的誓言	0	1	1	0	0
2	1----------图纸头饰装备	0	1	1	0	0
6	咕噜的凶相	0	1	1	0	0
6	哈姆雷特的权利	0	1	1	0	0
6	圣灵的劝诫	0	1	1	0	0
6	贤者之旅	0	1	1	0	0
6	活影之誓言	0	1	1	0	0
6	祖玛的咆哮	0	1	1	0	0
6	宇宙缩影	0	1	1	0	0
6	降瘟	0	1	1	0	0
6	夺魂者	0	1	1	0	0
6	金色煞星	0	1	1	0	0
2	1----------图纸盾牌装备	0	1	1	0	0
1	尸墙	0	1	1	0	0
1	神圣护卫	0	1	1	0	0
1	灵魂之墙	0	1	1	0	0
1	白骨垒脊	0	1	1	0	0
1	阴界誓约	0	1	1	0	0
1	熔火飞渣	0	1	1	0	0
1	跃马壁垒	0	1	1	0	0
1	莫斯利的守护	0	1	1	0	0
1	魔戈的意志	0	1	1	0	0
1	中土御守	0	1	1	0	0
2	*	0	1	1	0	0
1	*	0	1	1	0	0
1	*	0	1	1	0	0
1	*	0	1	1	0	0
1	*	0	1	1	0	0
1	*	0	1	1	0	0
1	*	0	1	1	0	0
1	*	0	1	1	0	0
1	*	0	1	1	0	0
1	*	0	1	1	0	0
1	*	0	1	1	0	0
1	*	0	1	1	0	0
1	*	0	1	1	0	0
1	*	0	1	1	0	0
1	*	0	1	1	0	0
1	*	0	1	1	0	0
1	*	0	1	1	0	0
1	*	0	1	1	0	0
1	*	0	1	1	0	0
1	*	0	1	1	0	0
1	*	0	1	1	0	0
1	*	0	1	1	0	0
1	*	0	1	1	0	0
1	*	0	1	1	0	0
1	*	0	1	1	0	0
1	*	0	1	1	0	0
1	*	0	1	1	0	0
1	*	0	1	1	0	0
1	*	0	1	1	0	0
1	*	0	1	1	0	0
1	*	0	1	1	0	0
1	*	0	1	1	0	0
2	*	0	1	1	0	0
1	*	0	1	1	0	0
1	*	0	1	1	0	0
1	*	0	1	1	0	0
1	*	0	1	1	0	0
1	*	0	1	1	0	0
1	*	0	1	1	0	0
1	*	0	1	1	0	0
1	*	0	1	1	0	0
1	*	0	1	1	0	0
1	*	0	1	1	0	0
2	-----专属开始-------	0	1	1	0	0
1	勇猛等级药水	0	1	1	0	0
1	生存等级药水	0	1	1	0	0
1	速度等级药水	0	1	1	0	0
5	恐怖手镯	0	1	1	0	0
5	恐怖戒指	0	1	1	0	0
5	古代令牌	0	1	1	0	0
1	古代令牌图纸	0	1	1	0	0
4	远古令牌	0	1	1	0	0
2	--------------------	0	1	1	0	0
7	恶轮束带	0	1	1	0	0
7	变异长靴	0	1	1	0	0
5	钳虫挂坠	0	1	1	0	0
3	奇异护甲	0	1	1	0	0
5	毒兽手镯	0	1	1	0	0
2	--------------------	0	1	1	0	0
1	疯狂果实	0	1	1	0	0
1	疯狂炸弹	0	1	1	0	0
5	异变头罩	0	1	1	0	0
5	恶毒蝎尾	0	1	1	0	0
7	棱角腰带	0	1	1	0	0
2	--------------------	0	1	1	0	0
1	变异虫卵	0	1	1	0	0
1	沙虫之皮	0	1	1	0	0
7	虫母束腰	0	1	1	0	0
7	沙虫皮靴	0	1	1	0	0
1	变异宝石图纸	0	1	1	0	0
7	变异宝石	0	1	1	0	0
4	万妖魔剑	0	1	1	0	0
5	魔人头颅	0	1	1	0	0
1	玄铁石	0	1	1	0	0
4	万妖真魔剑	0	1	1	0	0
1	暗夜之心	0	1	1	0	0
1	坚固蛛丝	0	1	1	0	0
7	暗夜束腰	0	1	1	0	0
7	蛛丝战靴	0	1	1	0	0
3	束缚者魔甲	0	1	1	0	0
3	魔蚁铠甲	0	1	1	0	0
1	圣匹格铠甲图纸	0	1	1	0	0
3	圣匹格铠甲	0	1	1	0	0
2	--------------------	0	1	1	0	0
1	淫邪者之髓	0	1	1	0	0
1	斗狠者之髓	0	1	1	0	0
1	烈风秘药	0	1	1	0	0
5	烈风坚韧戒指	0	1	1	0	0
5	烈风守卫戒指	0	1	1	0	0
5	烈风神圣戒指	0	1	1	0	0
5	烈风领主戒指	0	1	1	0	0
2	--------------------	0	1	1	0	0
1	罪恶之心	0	1	1	0	0
1	痛苦之心	0	1	1	0	0
6	狰狞面孔	0	1	1	0	0
1	死亡之眼	0	1	1	0	0
5	魔蛛卡片	0	1	1	0	0
5	圣殿卡牌	0	1	1	0	0
5	痛苦女王卡牌	0	1	1	0	0
2	--------------------	0	1	1	0	0
1	傀儡之魂	0	1	1	0	0
1	蠕虫硬皮	0	1	1	0	0
4	傀儡之剑	0	1	1	0	0
3	蠕虫铠甲	0	1	1	0	0
5	魔血心脏	0	1	1	0	0
7	寒血腰带	0	1	1	0	0
5	花吻之手	0	1	1	0	0
4	★★★★罪恶之刃[剧情]	0	1	1	0	0
5	★★★★罪恶指环[剧情]	0	1	1	0	0
1	★★★★魔导秘药[剧情]	0	1	1	0	0
3	★★★★暗黑魔袍[剧情]	0	1	1	0	0
5	★★★★★异秘鬼面[世界]	0	1	1	0	0
5	★★★★★猩红巫链[世界]	0	1	1	0	0
2	--------------------	0	1	1	0	0
5	★★★嗜血指环	0	1	1	0	0
5	★★★杀戮指环	0	1	1	0	0
5	★★★阎罗指环	0	1	1	0	0
5	★★★巨兽指环	0	1	1	0	0
5	★★★厄运指环	0	1	1	0	0
2	--------------------	0	1	1	0	0
5	★★★赤炎之镯	0	1	1	0	0
5	★★★魔灵之戒	0	1	1	0	0
5	★★★天堂之盔	0	1	1	0	0
7	★★★恶灵之腰	0	1	1	0	0
7	★★★冥河之靴	0	1	1	0	0
2	--------------------	0	1	1	0	0
4	★★★天蓬之杖	0	1	1	0	0
3	★★★炎皇披风	0	1	1	0	0
5	★★★鬼灵秘令	0	1	1	0	0
1	凶神恶煞[称号]	0	1	1	0	0
1	凶神恶煞	0	1	1	0	0
1	冥界至尊图纸	0	1	1	0	0
7	冥界至尊	0	1	1	0	0
2	·---------英雄皮肤	0	1	1	0	0
1	剑圣	0	1	1	0	0
1	死亡骑士	0	1	1	0	0
1	恶魔猎手	0	1	1	0	0
1	大魔法师	0	1	1	0	0
1	熊猫酒仙	0	1	1	0	0
1	山丘之王	0	1	1	0	0
1	巫妖	0	1	1	0	0
1	牛头人酋长	0	1	1	0	0
1	暗影猎手	0	1	1	0	0
1	守望者	0	1	1	0	0
1	圣骑士	0	1	1	0	0
1	荒野游侠	0	1	1	0	0
1	驯兽师	0	1	1	0	0
1	先知	0	1	1	0	0
1	娜迦海妖	0	1	1	0	0
1	血魔法师	0	1	1	0	0
1	地精修补匠	0	1	1	0	0
1	丛林守护者	0	1	1	0	0
1	火焰领主	0	1	1	0	0
1	恐惧魔王	0	1	1	0	0
1	深渊领主	0	1	1	0	0
1	月之祭司	0	1	1	0	0
1	炼金术士	0	1	1	0	0
1	地穴领主	0	1	1	0	0
2	·---------人族皮肤	0	1	1	0	0
1	骑兵	0	1	1	0	0
1	牧师	0	1	1	0	0
1	女巫	0	1	1	0	0
1	矮人火枪手	0	1	1	0	0
1	步兵	0	1	1	0	0
1	农民	0	1	1	0	0
2	·---------亡灵皮肤	0	1	1	0	0
1	骷髅战士	0	1	1	0	0
1	骷髅将军	0	1	1	0	0
1	亡灵骑士	0	1	1	0	0
1	骷髅魔法师	0	1	1	0	0
1	亡灵巫师	0	1	1	0	0
1	女妖	0	1	1	0	0
2	·---------精灵族皮肤	0	1	1	0	0
1	半精灵	0	1	1	0	0
1	精灵	0	1	1	0	0
1	黑精灵	0	1	1	0	0
1	暗夜精灵	0	1	1	0	0
1	血精灵	0	1	1	0	0
1	光之精灵	0	1	1	0	0
2	·---------特殊皮肤	0	1	1	0	0
1	创世泰坦	0	1	1	0	0
1	邪恶古神	0	1	1	0	0
1	和平精灵	0	1	1	0	0
2	·---------特殊皮肤	0	1	1	0	0
1	创世神	0	1	1	0	0
2	*	0	1	1	0	0
1	*	0	1	1	0	0
1	*	0	1	1	0	0
1	*	0	1	1	0	0
1	*	0	1	1	0	0
1	*	0	1	1	0	0
1	*	0	1	1	0	0
1	*	0	1	1	0	0
1	*	0	1	1	0	0
1	*	0	1	1	0	0
1	*	0	1	1	0	0
1	*	0	1	1	0	0
1	*	0	1	1	0	0
1	*	0	1	1	0	0
1	*	0	1	1	0	0
1	*	0	1	1	0	0
1	*	0	1	1	0	0
1	*	0	1	1	0	0
1	*	0	1	1	0	0
1	*	0	1	1	0	0
1	*	0	1	1	0	0
1	*	0	1	1	0	0
1	*	0	1	1	0	0
1	*	0	1	1	0	0
1	*	0	1	1	0	0
2	*	0	1	1	0	0
1	*	0	1	1	0	0
1	*	0	1	1	0	0
1	*	0	1	1	0	0
1	*	0	1	1	0	0
1	*	0	1	1	0	0
1	*	0	1	1	0	0
1	*	0	1	1	0	0
1	*	0	1	1	0	0
1	*	0	1	1	0	0
1	*	0	1	1	0	0
1	*	0	1	1	0	0
1	*	0	1	1	0	0
1	*	0	1	1	0	0
1	*	0	1	1	0	0
1	*	0	1	1	0	0
2	·--------二大陆	0	1	1	0	0
2	.-----	0	1	1	0	0
5	警惕宝珠	0	1	1	0	0
5	猎魔宝典	0	1	1	0	0
5	士兵兜帽	0	1	1	0	0
4	鳍魔刃	0	1	1	0	0
5	猎魔卡牌	0	1	1	0	0
2	.-----	0	1	1	0	0
5	死亡残暴	0	1	1	0	0
5	死亡舔食	0	1	1	0	0
7	死亡腰带	0	1	1	0	0
4	死剑	0	1	1	0	0
5	控尸牌	0	1	1	0	0
2	.-----	0	1	1	0	0
5	魔狼宝石吊坠	0	1	1	0	0
7	毒液侵蚀长靴	0	1	1	0	0
3	悲悯虫王铠甲	0	1	1	0	0
4	悲悯教主之刃	0	1	1	0	0
2	.-----	0	1	1	0	0
1	束缚之心	0	1	1	0	0
1	约束之心	0	1	1	0	0
1	恶行鬼牙	0	1	1	0	0
1	狼王利齿	0	1	1	0	0
1	谨慎鼠目	0	1	1	0	0
5	亡灵炼金残品	0	1	1	0	0
2	.-----	0	1	1	0	0
5	射手护腕	0	1	1	0	0
5	刺客盔	0	1	1	0	0
5	刺客戒	0	1	1	0	0
5	斩杀者之戒	0	1	1	0	0
5	月隐	0	1	1	0	0
4	天地无极	0	1	1	0	0
1	乾坤借法	0	1	1	0	0
2	.-----	0	1	1	0	0
1	魔蝠之灵	0	1	1	0	0
1	魔蜂之刺	0	1	1	0	0
5	毒魔头盔	0	1	1	0	0
5	黑虎头盔	0	1	1	0	0
5	虎王头盔	0	1	1	0	0
5	魔化·黑虎头盔	0	1	1	0	0
2	.-----	0	1	1	0	0
1	幽魂	0	1	1	0	0
1	厉魂	0	1	1	0	0
5	魂晶	0	1	1	0	0
3	阴森披风	0	1	1	0	0
3	逃亡披风	0	1	1	0	0
4	匪首狂刃	0	1	1	0	0
3	幽游白衣	0	1	1	0	0
2	.-----	0	1	1	0	0
5	死亡宝戒	0	1	1	0	0
5	血魔指环	0	1	1	0	0
5	精铜手套	0	1	1	0	0
5	致死穿刺戒	0	1	1	0	0
1	*	0	1	1	0	0
2	.-----	0	1	1	0	0
1	兽人皮毛	0	1	1	0	0
1	战士手册	0	1	1	0	0
1	勇士武装	0	1	1	0	0
1	黑天之刃	0	1	1	0	0
1	恶魔之泪	0	1	1	0	0
4	地狱之刃	0	1	1	0	0
2	.-----	0	1	1	0	0
5	亡者之镯	0	1	1	0	0
5	旅人之戒	0	1	1	0	0
5	遗忘骑士盔	0	1	1	0	0
4	邪恶之刃	0	1	1	0	0
1	母皇之心	0	1	1	0	0
2	.-----	0	1	1	0	0
1	巨野猪牙	0	1	1	0	0
1	蜘蛛齿刃	0	1	1	0	0
5	獠牙之戒	0	1	1	0	0
5	獠牙手镯	0	1	1	0	0
1	刺木魔珠	0	1	1	0	0
5	魔珠戒指	0	1	1	0	0
5	魔珠手镯	0	1	1	0	0
1	恶魔犀牛之心	0	1	1	0	0
5	血犀卡牌	0	1	1	0	0
1	嗜血鬼火披风图纸	0	1	1	0	0
3	嗜血鬼火披风	0	1	1	0	0
2	.-----	0	1	1	0	0
1	恶魔尸油	0	1	1	0	0
1	沉沦毒菇	0	1	1	0	0
1	毁灭的锤子	0	1	1	0	0
1	黑熊皮毛	0	1	1	0	0
5	雄狮之戒	0	1	1	0	0
5	恶魔之戒	0	1	1	0	0
2	.-----	0	1	1	0	0
4	★★★毒龙之刃	0	1	1	0	0
3	★★★夜叉披风	0	1	1	0	0
5	★★★嗜血之刺	0	1	1	0	0
5	★★★龙神月影	0	1	1	0	0
5	★★★魔战之镯	0	1	1	0	0
7	★★★曼多精灵	0	1	1	0	0
2	.-----	0	1	1	0	0
5	★★★卫士之链	0	1	1	0	0
5	★★★魔蝎之灾	0	1	1	0	0
5	★★★寂灭之火	0	1	1	0	0
5	★★★蟾蜍魔汁	0	1	1	0	0
7	★★★毒蛛魔液	0	1	1	0	0
5	★★★邪罗魔手	0	1	1	0	0
2	.-----	0	1	1	0	0
6	★★★九幽令牌	0	1	1	0	0
4	★★★九幽之刃	0	1	1	0	0
5	★★★九幽魔血	0	1	1	0	0
7	★★★九幽蛾粉	0	1	1	0	0
1	★★★力士秘药	0	1	1	0	0
5	★★★九幽战戒	0	1	1	0	0
2	.-----	0	1	1	0	0
5	★★★★学者凯伊的面具[剧情]	0	1	1	0	0
5	★★★★刺客凯恩的魔镯[剧情]	0	1	1	0	0
5	★★★★贤者凯伊的十字戒[剧情]	0	1	1	0	0
5	★★★★★神圣青龙之挂坠[世界]	0	1	1	0	0
4	★★★★★神圣玄武之魔刃[世界]	0	1	1	0	0
1	★★★★★神圣穷奇之魔药[世界]	0	1	1	0	0
1	吃屎人	0	1	1	0	0
5	★★★深渊符文	0	1	1	0	0
5	★★★深渊符咒	0	1	1	0	0
5	★★★深渊箭支	0	1	1	0	0
1	★★★厨房的铁门	0	1	1	0	0
5	★★★珊瑚王戒	0	1	1	0	0
2	.-----	0	1	1	0	0
1	淫荡邪眼	0	1	1	0	0
1	色中恶灵	0	1	1	0	0
1	尸王神液	0	1	1	0	0
1	军营的特殊炼金水Ⅰ	0	1	1	0	0
1	军营的特殊炼金水Ⅱ	0	1	1	0	0
1	军营的特殊炼金水Ⅲ	0	1	1	0	0
1	军营的特殊炼金水Ⅳ	0	1	1	0	0
1	序列魔药	0	1	1	0	0
1	魔杖碎屑	0	1	1	0	0
1	铁矛铁汁	0	1	1	0	0
1	导师藏书	0	1	1	0	0
1	导师藏书？	0	1	1	0	0
1	超级序列魔药	0	1	1	0	0
1	损坏材料	0	1	1	0	0
1	兽·序列魔药	0	1	1	0	0
4	大地之双刃剑	0	1	1	0	0
4	大地之双刃剑lv1	0	1	1	0	0
4	大地之双刃剑lv2	0	1	1	0	0
4	大地之双刃剑lv3	0	1	1	0	0
4	大地之双刃剑lv4	0	1	1	0	0
4	大地之双刃剑[世界]	0	1	1	0	0
2	.-----	0	1	1	0	0
1	魔头图腾	0	1	1	0	0
1	战士图腾	0	1	1	0	0
1	斗士图腾	0	1	1	0	0
1	饿鬼诅咒	0	1	1	0	0
1	地狱鬼花	0	1	1	0	0
5	魔偶超级图腾	0	1	1	0	0
2	.-----	0	1	1	0	0
5	侍卫戒指	0	1	1	0	0
5	将军手镯	0	1	1	0	0
4	枯骨战刃	0	1	1	0	0
7	塞满火药的束腰	0	1	1	0	0
5	藏有超级火药的项链	0	1	1	0	0
2	.-----	0	1	1	0	0
1	迷宫泥土	0	1	1	0	0
1	迷宫碎石	0	1	1	0	0
1	血蛙魔血	0	1	1	0	0
1	食虫草灰	0	1	1	0	0
1	摄魂根须	0	1	1	0	0
5	诡秘之首	0	1	1	0	0
2	.-----	0	1	1	0	0
5	禁断之手	0	1	1	0	0
5	狼蛛尾戒	0	1	1	0	0
1	蝎蛇秘药	0	1	1	0	0
1	禁忌秘药	0	1	1	0	0
5	封印之戒	0	1	1	0	0
2	.-----	0	1	1	0	0
5	钳虫面罩	0	1	1	0	0
5	亡灵挂坠	0	1	1	0	0
7	异变之靴	0	1	1	0	0
3	失序披风	0	1	1	0	0
5	教皇王冠**	0	1	1	0	0
2	.-----	0	1	1	0	0
1	尸王遗骨	0	1	1	0	0
1	海妖遗骨	0	1	1	0	0
1	千年毒液	0	1	1	0	0
1	万年寒冰	0	1	1	0	0
7	叛军首领的军靴	0	1	1	0	0
7	异变失序之长靴	0	1	1	0	0
2	.-----	0	1	1	0	0
5	魔影之链	0	1	1	0	0
5	白虎之盔	0	1	1	0	0
5	火蚺魔戒	0	1	1	0	0
5	徘徊号角	0	1	1	0	0
1	刺客首领的收藏品	0	1	1	0	0
5	刺杀者吊坠	0	1	1	0	0
2	.-----	0	1	1	0	0
5	刑徒之镯	0	1	1	0	0
5	刑徒之戒	0	1	1	0	0
5	行刑者指环	0	1	1	0	0
5	寒冰鬼魄	0	1	1	0	0
5	收割者之戒	0	1	1	0	0
5	审判者之戒	0	1	1	0	0
2	.-----	0	1	1	0	0
1	黄龙之血	0	1	1	0	0
1	护卫之心	0	1	1	0	0
1	巨蛾毒液	0	1	1	0	0
5	夜叉之戒	0	1	1	0	0
5	大法师之戒	0	1	1	0	0
1	*	0	1	1	0	0
2	.-----	0	1	1	0	0
7	月色之靴	0	1	1	0	0
7	月色之带	0	1	1	0	0
5	月色守护之链	0	1	1	0	0
5	月色之盔	0	1	1	0	0
4	伊雪吹风刃	0	1	1	0	0
2	.-----	0	1	1	0	0
1	赐福福袋	0	1	1	0	0
1	苦难福袋	0	1	1	0	0
5	幽暗行者	0	1	1	0	0
1	异兽蛋	0	1	1	0	0
4	熔炉铁锤	0	1	1	0	0
2	.-----	0	1	1	0	0
1	山丘风吼	0	1	1	0	0
1	滨海毒液	0	1	1	0	0
5	山丘之灵	0	1	1	0	0
5	山丘虫巢	0	1	1	0	0
5	丧尸王的怨念	0	1	1	0	0
2	.-----	0	1	1	0	0
5	巫魔之眼	0	1	1	0	0
5	牧野之眸	0	1	1	0	0
4	魂祭	0	1	1	0	0
1	黑暗之心	0	1	1	0	0
4	黑暗祭典	0	1	1	0	0
1	陵墓蛛王毒液	0	1	1	0	0
4	蛛王血祭	0	1	1	0	0
2	.-----	0	1	1	0	0
1	绛云草精华	0	1	1	0	0
1	渡厄草精华	0	1	1	0	0
1	白骨参	0	1	1	0	0
1	腐化虚草精华	0	1	1	0	0
1	乌金枯藤灵	0	1	1	0	0
1	虚灵丹	0	1	1	0	0
4	★★★鬼尊之斧	0	1	1	0	0
3	★★★魔星战铠	0	1	1	0	0
5	★★★凯恩淫念	0	1	1	0	0
5	★★★阿鼻地狱之手	0	1	1	0	0
5	★★★魔罗之戒	0	1	1	0	0
5	★★★元始之盔	0	1	1	0	0
2	.-----	0	1	1	0	0
5	★★★麒麟之火	0	1	1	0	0
1	★★★鸟人的秘密	0	1	1	0	0
5	★★★炼狱之星	0	1	1	0	0
4	★★★巨头祭祀之杖	0	1	1	0	0
1	★★★恶魔授予的称号	0	1	1	0	0
1	蚩尤大帝	0	1	1	0	0
1	蚩尤魔将	0	1	1	0	0
1	蚩尤熊猫	0	1	1	0	0
1	蚩尤魔民	0	1	1	0	0
7	★★★魔神飘带	0	1	1	0	0
2	.-----	0	1	1	0	0
5	★★★丹墨将军之面	0	1	1	0	0
5	★★★神猫将军吊坠	0	1	1	0	0
5	★★★守护将军之手	0	1	1	0	0
5	★★★古墓将军之戒	0	1	1	0	0
7	★★★堕落将军之带	0	1	1	0	0
7	★★★罪恶将军之靴	0	1	1	0	0
2	.-----	0	1	1	0	0
1	★★★★奥玛战鼓[剧情]	0	1	1	0	0
7	★★★★兽王护符[剧情]	0	1	1	0	0
7	★★★★船长座驾[剧情]	0	1	1	0	0
7	★★★★阳勇宝石[剧情]	0	1	1	0	0
5	★★★★★勇猛之链[世界]	0	1	1	0	0
5	★★★★★生存之镯[世界]	0	1	1	0	0
5	★★★★★速度之戒[世界]	0	1	1	0	0
5	★★★★★清醒之盔[世界]	0	1	1	0	0
2	.-----	0	1	1	0	0
5	暮色之镯	0	1	1	0	0
5	暮色之戒	0	1	1	0	0
5	暮色之链	0	1	1	0	0
5	卫士执念	0	1	1	0	0
1	*	0	1	1	0	0
7	教主御靴	0	1	1	0	0
7	教主典礼之靴	0	1	1	0	0
2	.-----	0	1	1	0	0
5	祭祀戒指	0	1	1	0	0
5	狂战戒指	0	1	1	0	0
5	驯兽师的自然宝石	0	1	1	0	0
4	骑兵冲锋之刺	0	1	1	0	0
5	冥神之挂饰	0	1	1	0	0
2	.-----	0	1	1	0	0
1	夺魂圣火	0	1	1	0	0
1	夺魄雕塑	0	1	1	0	0
5	坠月	0	1	1	0	0
5	霜月	0	1	1	0	0
1	夺魂赤磷	0	1	1	0	0
5	夺魂之器皿	0	1	1	0	0
5	夺魂之兜帽	0	1	1	0	0
2	.-----	0	1	1	0	0
1	地底水精	0	1	1	0	0
1	地底魔精	0	1	1	0	0
3	地底狐皮	0	1	1	0	0
1	地底迷药	0	1	1	0	0
1	地底蛛丝	0	1	1	0	0
3	深渊恶魔之护甲	0	1	1	0	0
2	.-----	0	1	1	0	0
1	章鱼触角	0	1	1	0	0
1	沙漠石屑	0	1	1	0	0
1	守卫甲片	0	1	1	0	0
4	海怪牙齿	0	1	1	0	0
1	灵魂宝珠	0	1	1	0	0
4	收割者的鱼骨杖	0	1	1	0	0
2	.-----	0	1	1	0	0
5	爆毒神戒	0	1	1	0	0
5	恶性之手	0	1	1	0	0
5	风魔护符	0	1	1	0	0
7	巨剑守卫之束带	0	1	1	0	0
4	蓝影之杖[限时]	0	1	1	0	0
2	.-----	0	1	1	0	0
1	霸王之魂	0	1	1	0	0
1	地狱犬齿	0	1	1	0	0
1	法老信物	0	1	1	0	0
4	亡灵战利品	0	1	1	0	0
5	收割者卡牌	0	1	1	0	0
1	神圣卡牌	0	1	1	0	0
1	禁忌之阵*	0	1	1	0	0
1	*	0	1	1	0	0
1	神圣卡牌*	0	1	1	0	0
2	.-----	0	1	1	0	0
1	*	0	1	1	0	0
1	*	0	1	1	0	0
1	*	0	1	1	0	0
1	*	0	1	1	0	0
1	*	0	1	1	0	0
1	*	0	1	1	0	0
1	*	0	1	1	0	0
1	*	0	1	1	0	0
5	战王指令	0	1	1	0	0
2	.-----	0	1	1	0	0
1	火焰之魂	0	1	1	0	0
1	坚石之魂	0	1	1	0	0
5	神力之戒	0	1	1	0	0
5	女神之戒	0	1	1	0	0
5	伯爵之戒	0	1	1	0	0
5	神圣守护之戒	0	1	1	0	0
2	.-----	0	1	1	0	0
1	箭手之魂	0	1	1	0	0
1	军灵之魂	0	1	1	0	0
5	星月	0	1	1	0	0
1	不灭之魂	0	1	1	0	0
5	银河之炎	0	1	1	0	0
5	星月面甲	0	1	1	0	0
5	星月不灭·银河之炎	0	1	1	0	0
2	.-----	0	1	1	0	0
7	背叛之靴	0	1	1	0	0
7	通灵之带	0	1	1	0	0
5	燃烧鱼人头颅	0	1	1	0	0
5	灾厄魔戒	0	1	1	0	0
5	灾厄恶魔指环	0	1	1	0	0
2	.-----	0	1	1	0	0
1	流浪刺蛙卡牌	0	1	1	0	0
1	流浪酒神卡牌	0	1	1	0	0
1	流浪之人	0	1	1	0	0
5	龙息	0	1	1	0	0
5	魂祭巫镯	0	1	1	0	0
7	守望统帅之腰	0	1	1	0	0
2	.-----	0	1	1	0	0
1	*	0	1	1	0	0
1	*	0	1	1	0	0
1	*	0	1	1	0	0
1	*	0	1	1	0	0
1	*	0	1	1	0	0
1	*	0	1	1	0	0
1	龙战士称号*	0	1	1	0	0
1	龙爪称号*	0	1	1	0	0
1	龙血称号*	0	1	1	0	0
2	.-----	0	1	1	0	0
5	死灵之盔	0	1	1	0	0
5	死灵之链	0	1	1	0	0
3	死灵之甲	0	1	1	0	0
4	尸王之杖	0	1	1	0	0
5	贤者之玉	0	1	1	0	0
2	-----	0	1	1	0	0
2	-----	0	1	1	0	0
1	*	0	1	1	0	0
1	*	0	1	1	0	0
1	*	0	1	1	0	0
5	丘陵宝藏	0	1	1	0	0
1	*	0	1	1	0	0
2	.-----	0	1	1	0	0
1	幽灵豪猪角	0	1	1	0	0
1	亡灵骷髅刀	0	1	1	0	0
1	毛人的毛	0	1	1	0	0
1	天珠之力	0	1	1	0	0
4	地狱之王刃	0	1	1	0	0
4	魔神龙刃	0	1	1	0	0
2	.-----	0	1	1	0	0
5	毒腹之戒	0	1	1	0	0
5	死魂之镯	0	1	1	0	0
1	震天魔神之盾	0	1	1	0	0
1	巫医之血	0	1	1	0	0
4	灰烬教主之刃	0	1	1	0	0
2	.-----	0	1	1	0	0
4	★★★角斗匕首	0	1	1	0	0
3	★★★勾魂魔袍	0	1	1	0	0
5	★★★战士吊坠	0	1	1	0	0
5	★★★甲壳手套	0	1	1	0	0
5	★★★花王指扣	0	1	1	0	0
7	★★★雪魔束带	0	1	1	0	0
7	★★★火魔长靴	0	1	1	0	0
5	★★★巨镰面甲	0	1	1	0	0
2	.-----	0	1	1	0	0
3	★★★红魔重铠	0	1	1	0	0
3	★★★窒息血甲	0	1	1	0	0
1	★★★幽灵果实	0	1	1	0	0
1	★★★农夫果实	0	1	1	0	0
5	★★★监工挂饰	0	1	1	0	0
1	★★★亡灵遁书	0	1	1	0	0
2	.-----	0	1	1	0	0
5	★★★淫邪面具[异界]	0	1	1	0	0
5	★★★地狱之镯[异界]	0	1	1	0	0
5	★★★菩提之戒[异界]	0	1	1	0	0
5	★★★混沌之链[异界]	0	1	1	0	0
2	.-----	0	1	1	0	0
7	★★★★装满炸弹的腰带[剧情]	0	1	1	0	0
7	★★★★统帅的贪欲长靴[剧情]	0	1	1	0	0
5	★★★★失落的真言之盔[剧情]	0	1	1	0	0
5	★★★★宝象的不朽吊坠[剧情]	0	1	1	0	0
5	★★★★狼王的复仇之镯[剧情]	0	1	1	0	0
2	.-----	0	1	1	0	0
4	★★★★★魔神之刃[世界]	0	1	1	0	0
4	★★★★★火魔之刃[世界]	0	1	1	0	0
4	★★★★★炎魔之刃[世界]	0	1	1	0	0
4	★★★★★领主之刃[世界]	0	1	1	0	0
4	★★★★★魔兽之锤[世界]	0	1	1	0	0
4	★★★★★★拯救世界之刃[世界]	0	1	1	0	0
2	----------------	0	1	1	0	0
2	*	0	1	1	0	0
4	★★★失落的钢铁之刃	0	1	1	0	0
1	★★★失落的远征之盾	0	1	1	0	0
5	★★★黑暗的绝对守护	0	1	1	0	0
1	*	0	1	1	0	0
4	★★★黑暗的力士之剑	0	1	1	0	0
1	★★★黑暗的特殊材料	0	1	1	0	0
5	★★★黑暗的不洁之冠	0	1	1	0	0
4	★★★黑暗的寂灭王剑	0	1	1	0	0
4	★★★黑暗的铜爪权杖	0	1	1	0	0
3	★★★冰魄学者之护甲	0	1	1	0	0
4	★★★冰魄学者之权柄	0	1	1	0	0
2	0	1	1	0	0	0
4	★★★丛中的紫色利刃	0	1	1	0	0
1	★★★丛中的神圣之盾	0	1	1	0	0
5	★★★丛中的树精挂饰	0	1	1	0	0
5	★★★丛中的神秘挂坠	0	1	1	0	0
5	★★★丛中的致死魔链	0	1	1	0	0
3	★★★恶灵甲胄	0	1	1	0	0
5	★★★恶灵手套	0	1	1	0	0
5	★★★蓝魔指扣	0	1	1	0	0
5	★★★晶兽指扣	0	1	1	0	0
7	★★★幻魔之带	0	1	1	0	0
1	*	0	1	1	0	0
1	*	0	1	1	0	0
1	*	0	1	1	0	0
1	★★★招财猫的钱币	0	1	1	0	0
5	★★★猫精挂坠	0	1	1	0	0
4	★★★武者权杖	0	1	1	0	0
7	★★★巫术之射	0	1	1	0	0
1	★★★探视之眼[特殊]	0	1	1	0	0
5	★★★罪恶亲和物	0	1	1	0	0
2	0	1	1	0	0	0
7	★★★射手之御	0	1	1	0	0
4	★★★罪恶魔杖	0	1	1	0	0
5	★★★风沙之拥	0	1	1	0	0
6	★★★裂口之面	0	1	1	0	0
5	★★★裂口信物	0	1	1	0	0
5	★★★裂口之戒	0	1	1	0	0
5	★★★裂口之镯	0	1	1	0	0
5	★★★巨镰之恐慌	0	1	1	0	0
2	0	1	1	0	0	0
1	★★★莱斯教条[特殊]	0	1	1	0	0
5	★★★狄亚鬼戒	0	1	1	0	0
7	★★★蒙尘的珍贵宝石	0	1	1	0	0
7	★★★揭开神秘面纱的珍贵宝石	0	1	1	0	0
1	★★★兽人的恐怖献祭	0	1	1	0	0
5	★★★阿维魔盔	0	1	1	0	0
2	0	1	1	0	0	0
5	★★★萨巴赫之盔	0	1	1	0	0
5	★★★萨巴赫之语	0	1	1	0	0
1	★★★赛米拉空中庭院	0	1	1	0	0
1	★★★赛米拉的变态面目	0	1	1	0	0
5	★★★恐惧之手	0	1	1	0	0
5	★★★恐惧之指	0	1	1	0	0
2	0	1	1	0	0	0
4	★★★兰斯洛特之刃	0	1	1	0	0
1	★★★兰斯洛特之盾	0	1	1	0	0
3	★★★兰斯洛特之铠	0	1	1	0	0
1	★★★赫拉克的复活符文	0	1	1	0	0
4	★★★食人鬼的斩骨斧	0	1	1	0	0
7	★★★斯巴达咆哮之长靴	0	1	1	0	0
1	*	0	1	1	0	0
2	0	1	1	0	0	0
1	★★★毁灭之轮	0	1	1	0	0
1	*	0	1	1	0	0
1	*	0	1	1	0	0
2	0	1	1	0	0	0
5	★★★★☆致命一击[本职]	0	1	1	0	0
4	★★★★☆霜之哀伤[本职]	0	1	1	0	0
2	*	0	1	1	0	0
4	★★★★☆埃辛诺斯战刃[本职]	0	1	1	0	0
1	★★★★☆埃辛诺斯壁垒[本职]	0	1	1	0	0
5	★★★★☆上层精灵斗篷[本职]	0	1	1	0	0
5	★★★★☆怒风徽记之戒[本职]	0	1	1	0	0
2	0	1	1	0	0	0
5	★★★★☆萨格拉斯的诅咒视界[本职]	0	1	1	0	0
5	★★★★☆熊猫酒仙的醉拳[本职]	0	1	1	0	0
1	*	0	1	1	0	0
5	★★★★☆巫妖王之盔[本职]	0	1	1	0	0
2	*	0	1	1	0	0
4	★★★★☆祭祀长柱[本职]	0	1	1	0	0
1	*	0	1	1	0	0
5	★★★★☆治疗之戒[本职]	0	1	1	0	0
5	★★★★☆影遁[本职]	0	1	1	0	0
3	★★★★☆圣骑士铠甲[本职]	0	1	1	0	0
4	★★★★☆圣骑士之剑[本职]	0	1	1	0	0
5	★★★★☆强击光环之手[本职]	0	1	1	0	0
5	★★★★☆驯兽师之心[本职]	0	1	1	0	0
2	0	1	1	0	0	0
5	★★★★☆自然之怒[本职]	0	1	1	0	0
5	★★★★☆魔法之戒[本职]	0	1	1	0	0
7	★★★★☆血法之靴[本职]	0	1	1	0	0
1	★★★★☆工程学升级[本职]	0	1	1	0	0
1	工程学升级	0	1	1	0	0
2	0	1	1	0	0	0
3	★★★★☆荆棘铠甲[本职]	0	1	1	0	0
5	★★★★☆焚戒[本职]	0	1	1	0	0
5	★★★★☆吸血光环[本职]	0	1	1	0	0
7	★★★★☆怨念深渊[本职]	0	1	1	0	0
1	★★★★☆月之暗面[本职]	0	1	1	0	0
1	月之暗面	0	1	1	0	0
1	★★★★☆疯狂药剂[本职]	0	1	1	0	0
5	★★★★☆穿刺之戒[本职]	0	1	1	0	0
2	*	0	1	1	0	0
1	*	0	1	1	0	0
1	*	0	1	1	0	0
1	*	0	1	1	0	0
1	*	0	1	1	0	0
2	*	0	1	1	0	0
1	*	0	1	1	0	0
1	*	0	1	1	0	0
1	*	0	1	1	0	0
1	*	0	1	1	0	0
1	*	0	1	1	0	0
1	*	0	1	1	0	0
1	*	0	1	1	0	0
1	*	0	1	1	0	0
1	*	0	1	1	0	0
1	*	0	1	1	0	0
1	*	0	1	1	0	0
1	*	0	1	1	0	0
1	*	0	1	1	0	0
1	*	0	1	1	0	0
1	*	0	1	1	0	0
1	*	0	1	1	0	0
1	*	0	1	1	0	0
1	*	0	1	1	0	0
1	*	0	1	1	0	0
1	*	0	1	1	0	0
2	*	0	1	1	0	0
1	*	0	1	1	0	0
1	*	0	1	1	0	0
1	*	0	1	1	0	0
1	*	0	1	1	0	0
2	*	0	1	1	0	0
1	*	0	1	1	0	0
1	*	0	1	1	0	0
1	*	0	1	1	0	0
1	*	0	1	1	0	0
2	*	0	1	1	0	0
1	*	0	1	1	0	0
1	*	0	1	1	0	0
1	*	0	1	1	0	0
1	*	0	1	1	0	0
2	*	0	1	1	0	0
3	*	0	1	1	0	0
3	*	0	1	1	0	0
3	*	0	1	1	0	0
2	·------------补充时装	0	1	1	0	0
1	光明游侠	0	1	1	0	0
1	国宝	0	1	1	0	0
2	·--------------	0	1	1	0	0
5	*	0	1	1	0	0
2	*	0	1	1	0	0
1	*	0	1	1	0	0
1	*	0	1	1	0	0
1	*	0	1	1	0	0
2	*	0	1	1	0	0
1	*	0	1	1	0	0
1	*	0	1	1	0	0
1	*	0	1	1	0	0
2	*	0	1	1	0	0
1	*	0	1	1	0	0
1	*	0	1	1	0	0
1	*	0	1	1	0	0
2	*	0	1	1	0	0
2	*	0	1	1	0	0
2	*	0	1	1	0	0
2	*	0	1	1	0	0
1	*	0	1	1	0	0
1	*	0	1	1	0	0
1	*	0	1	1	0	0
1	*	0	1	1	0	0
2	*	0	1	1	0	0
2	*	0	1	1	0	0
2	*	0	1	1	0	0
2	*	0	1	1	0	0
2	*	0	1	1	0	0
2	*	0	1	1	0	0
1	*	0	1	1	0	0
1	*	0	1	1	0	0
1	*	0	1	1	0	0
1	*	0	1	1	0	0
1	*	0	1	1	0	0
1	*	0	1	1	0	0
1	*	0	1	1	0	0
2	*	0	1	1	0	0
2	*	0	1	1	0	0
2	*	0	1	1	0	0
1	*	0	1	1	0	0
1	*	0	1	1	0	0
1	*	0	1	1	0	0
1	*	0	1	1	0	0
2	0	1	1	0	0	0
1	10专属点	0	1	1	0	0
1	100专属点	0	1	1	0	0
2	0	1	1	0	0	0
1	*	0	1	1	0	0
1	*	0	1	1	0	0
1	*	0	1	1	0	0
1	开孔钻	0	1	1	0	0
1	拆石锤	0	1	1	0	0
1	===[镶嵌物]===	0	1	1	0	0
1	索取之手	0	1	1	0	0
1	诡秘神格	0	1	1	0	0
1	唤灵之叶	0	1	1	0	0
1	血色灵芝	0	1	1	0	0
1	蓝灵之羽	0	1	1	0	0
1	致命鬼爪	0	1	1	0	0
1	协调沙漏	0	1	1	0	0
1	燃烧雪茄	0	1	1	0	0
1	魔幻毒菇	0	1	1	0	0
1	斗转罗盘	0	1	1	0	0
1	战斗之心	0	1	1	0	0
1	不明组织	0	1	1	0	0
1	提线魔偶	0	1	1	0	0
1	泣血玫瑰	0	1	1	0	0
1	幻羽之蝶	0	1	1	0	0
1	猩红之眼	0	1	1	0	0
1	天山雪莲	0	1	1	0	0
1	魔蛛毒液	0	1	1	0	0
1	惊恐头骨	0	1	1	0	0
1	震慑魔眼	0	1	1	0	0
1	坚硬龟壳	0	1	1	0	0
1	太极之源	0	1	1	0	0
1	辟邪佛手	0	1	1	0	0
1	护体铜镜	0	1	1	0	0
1	贪婪之颅	0	1	1	0	0
1	轻身之羽	0	1	1	0	0
1	寒月血葵	0	1	1	0	0
1	紫魔符石	0	1	1	0	0
1	缚魔之束	0	1	1	0	0
1	污浊之月	0	1	1	0	0
1	魔化狼牙	0	1	1	0	0
1	先手之石	0	1	1	0	0
1	碎冰之石	0	1	1	0	0
1	暗夜魔蝠	0	1	1	0	0
1	幻魔之眼	0	1	1	0	0
1	神圣之书	0	1	1	0	0
1	守护之轮	0	1	1	0	0
1	警醒之铃	0	1	1	0	0
1	天使护佑	0	1	1	0	0
1	不法之徒	0	1	1	0	0
1	守护之火	0	1	1	0	0
1	庇护之火	0	1	1	0	0
1	无尽怒火	0	1	1	0	0
1	神圣之火	0	1	1	0	0
1	诡秘之火	0	1	1	0	0
1	异抗宝石	0	1	1	0	0
1	异穿宝石	0	1	1	0	0
1	攻击宝石	0	1	1	0	0
1	道术宝石	0	1	1	0	0
1	魔法宝石	0	1	1	0	0
1	防御宝石	0	1	1	0	0
1	魔御宝石	0	1	1	0	0
1	生命宝石	0	1	1	0	0
1	法力宝石	0	1	1	0	0
1	恢复宝石	0	1	1	0	0
1	自然宝石	0	1	1	0	0
1	亲和宝石	0	1	1	0	0
1	守护宝石	0	1	1	0	0
1	火焰宝石	0	1	1	0	0
1	冰冷宝石	0	1	1	0	0
1	毒素宝石	0	1	1	0	0
1	闪电宝石	0	1	1	0	0
1	火抗宝石	0	1	1	0	0
1	冰抗宝石	0	1	1	0	0
1	毒抗宝石	0	1	1	0	0
1	电抗宝石	0	1	1	0	0
1	反弹宝石	0	1	1	0	0
1	吸血宝石	0	1	1	0	0
1	吸蓝宝石	0	1	1	0	0
1	祝福宝石	0	1	1	0	0
1	勇猛宝石	0	1	1	0	0
1	速度宝石	0	1	1	0	0
1	生存宝石	0	1	1	0	0
1	除魔宝石	0	1	1	0	0
1	杀手宝石	0	1	1	0	0
1	测试宝石	0	1	1	0	0
1	备用位	0	1	1	0	0
1	备用位	0	1	1	0	0
1	备用位	0	1	1	0	0
1	备用位	0	1	1	0	0
1	备用位	0	1	1	0	0
1	备用位	0	1	1	0	0
1	备用位	0	1	1	0	0
1	备用位	0	1	1	0	0
1	备用位	0	1	1	0	0
1	备用位	0	1	1	0	0
1	备用位	0	1	1	0	0
1	备用位	0	1	1	0	0
1	备用位	0	1	1	0	0
1	备用位	0	1	1	0	0
1	备用位	0	1	1	0	0
1	备用位	0	1	1	0	0
1	备用位	0	1	1	0	0
1	备用位	0	1	1	0	0
1	备用位	0	1	1	0	0
1	备用位	0	1	1	0	0
1	备用位	0	1	1	0	0
1	备用位	0	1	1	0	0
1	备用位	0	1	1	0	0
1	备用位	0	1	1	0	0
1	备用位	0	1	1	0	0
1	备用位	0	1	1	0	0
1	备用位	0	1	1	0	0
1	备用位	0	1	1	0	0
1	备用位	0	1	1	0	0
1	备用位	0	1	1	0	0
1	备用位	0	1	1	0	0
1	备用位	0	1	1	0	0
1	备用位	0	1	1	0	0
1	备用位	0	1	1	0	0
1	备用位	0	1	1	0	0
1	备用位	0	1	1	0	0
1	备用位	0	1	1	0	0
1	备用位	0	1	1	0	0
1	备用位	0	1	1	0	0
1	备用位	0	1	1	0	0
1	备用位	0	1	1	0	0
1	备用位	0	1	1	0	0
1	备用位	0	1	1	0	0
1	备用位	0	1	1	0	0
1	备用位	0	1	1	0	0
1	备用位	0	1	1	0	0
1	备用位	0	1	1	0	0
1	备用位	0	1	1	0	0
1	备用位	0	1	1	0	0
1	备用位	0	1	1	0	0
1	备用位	0	1	1	0	0
1	备用位	0	1	1	0	0
1	备用位	0	1	1	0	0
1	无畏黑铁	0	1	1	0	0
1	倔强青铜	0	1	1	0	0
1	秩序白银	0	1	1	0	0
1	荣耀黄金	0	1	1	0	0
1	尊贵铂金	0	1	1	0	0
1	永恒钻石	0	1	1	0	0
1	至尊星耀	0	1	1	0	0
1	超凡大师	0	1	1	0	0
1	最强王者	0	1	1	0	0
1	战场之王	0	1	1	0	0
1	捐献大使	0	1	1	0	0
1	沙城之主	0	1	1	0	0
1	绝对恶魔	0	1	1	0	0
1	大恶魔	0	1	1	0	0
1	恶魔将军	0	1	1	0	0
1	恶魔奴仆	0	1	1	0	0
2	【不朽之王的呼唤T1】	0	1	1	0	0
5	不朽之王的胜利[T1]	0	1	1	0	0
5	不朽之王之柱[T1]	0	1	1	0	0
5	不朽之王的碎魂者[T1]	0	1	1	0	0
5	不朽之王的统治[T1]	0	1	1	0	0
7	不朽之王的熔炉[T1]	0	1	1	0	0
7	不朽之王的琐事[T1]	0	1	1	0	0
2	【奥吉德的权利T1】	0	1	1	0	0
5	奥吉德的尖峰[T1]	0	1	1	0	0
5	奥吉德的统领[T1]	0	1	1	0	0
5	奥吉德的力量[T1]	0	1	1	0	0
5	奥吉德的统治[T1]	0	1	1	0	0
7	奥吉德的权威[T1]	0	1	1	0	0
7	奥吉德的智慧[T1]	0	1	1	0	0
2	【幸运女神的眷顾T1】	0	1	1	0	0
5	幸运女神的守护[T1]	0	1	1	0	0
5	幸运女神的惩罚[T1]	0	1	1	0	0
5	幸运女神的凝视[T1]	0	1	1	0	0
5	幸运女神的光荣[T1]	0	1	1	0	0
7	幸运女神的笔触[T1]	0	1	1	0	0
7	幸运女神的旅途[T1]	0	1	1	0	0
2	【不朽之王的呼唤T2】	0	1	1	0	0
5	不朽之王的胜利[T2]	0	1	1	0	0
5	不朽之王之柱[T2]	0	1	1	0	0
5	不朽之王的碎魂者[T2]	0	1	1	0	0
5	不朽之王的统治[T2]	0	1	1	0	0
7	不朽之王的熔炉[T2]	0	1	1	0	0
7	不朽之王的琐事[T2]	0	1	1	0	0
2	【奥吉德的权利T2】	0	1	1	0	0
5	奥吉德的尖峰[T2]	0	1	1	0	0
5	奥吉德的统领[T2]	0	1	1	0	0
5	奥吉德的力量[T2]	0	1	1	0	0
5	奥吉德的统治[T2]	0	1	1	0	0
7	奥吉德的权威[T2]	0	1	1	0	0
7	奥吉德的智慧[T2]	0	1	1	0	0
2	【幸运女神的眷顾T2】	0	1	1	0	0
5	幸运女神的守护[T2]	0	1	1	0	0
5	幸运女神的惩罚[T2]	0	1	1	0	0
5	幸运女神的凝视[T2]	0	1	1	0	0
5	幸运女神的光荣[T2]	0	1	1	0	0
7	幸运女神的笔触[T2]	0	1	1	0	0
7	幸运女神的旅途[T2]	0	1	1	0	0
2	【不朽之王的呼唤T3】	0	1	1	0	0
5	不朽之王的胜利[T3]	0	1	1	0	0
5	不朽之王之柱[T3]	0	1	1	0	0
5	不朽之王的碎魂者[T3]	0	1	1	0	0
5	不朽之王的统治[T3]	0	1	1	0	0
7	不朽之王的熔炉[T3]	0	1	1	0	0
7	不朽之王的琐事[T3]	0	1	1	0	0
2	【奥吉德的权利T3】	0	1	1	0	0
5	奥吉德的尖峰[T3]	0	1	1	0	0
5	奥吉德的统领[T3]	0	1	1	0	0
5	奥吉德的力量[T3]	0	1	1	0	0
5	奥吉德的统治[T3]	0	1	1	0	0
7	奥吉德的权威[T3]	0	1	1	0	0
7	奥吉德的智慧[T3]	0	1	1	0	0
2	【幸运女神的眷顾T3】	0	1	1	0	0
5	幸运女神的守护[T3]	0	1	1	0	0
5	幸运女神的惩罚[T3]	0	1	1	0	0
5	幸运女神的凝视[T3]	0	1	1	0	0
5	幸运女神的光荣[T3]	0	1	1	0	0
7	幸运女神的笔触[T3]	0	1	1	0	0
7	幸运女神的旅途[T3]	0	1	1	0	0
2	【不朽之王的呼唤T4】	0	1	1	0	0
5	不朽之王的胜利[T4]	0	1	1	0	0
5	不朽之王之柱[T4]	0	1	1	0	0
5	不朽之王的碎魂者[T4]	0	1	1	0	0
5	不朽之王的统治[T4]	0	1	1	0	0
7	不朽之王的熔炉[T4]	0	1	1	0	0
7	不朽之王的琐事[T4]	0	1	1	0	0
2	【奥吉德的权利T4】	0	1	1	0	0
5	奥吉德的尖峰[T4]	0	1	1	0	0
5	奥吉德的统领[T4]	0	1	1	0	0
5	奥吉德的力量[T4]	0	1	1	0	0
5	奥吉德的统治[T4]	0	1	1	0	0
7	奥吉德的权威[T4]	0	1	1	0	0
7	奥吉德的智慧[T4]	0	1	1	0	0
2	【幸运女神的眷顾T4】	0	1	1	0	0
5	幸运女神的守护[T4]	0	1	1	0	0
5	幸运女神的惩罚[T4]	0	1	1	0	0
5	幸运女神的凝视[T4]	0	1	1	0	0
5	幸运女神的光荣[T4]	0	1	1	0	0
7	幸运女神的笔触[T4]	0	1	1	0	0
7	幸运女神的旅途[T4]	0	1	1	0	0
1	金币	0	1	1	0	0
1	★★★血腥晨曦	0	1	1	0	0
1	★★★风之魔神	0	1	1	0	0
1	★★★黑暗长嚎	0	1	1	0	0
1	★★★战王冰甲	0	1	1	0	0
1	★★★邪眼雷罚	0	1	1	0	0
1	★★★僵尸符咒	0	1	1	0	0
1	★★★恶灵守护	0	1	1	0	0
1	★★★沙盗技巧	0	1	1	0	0
1	★★★秃鹫刚体	0	1	1	0	0
1	★★★丘陵银狼	0	1	1	0	0
1	★★★猎手全能之羽	0	1	1	0	0
1	★★★铁丘陵秘矿	0	1	1	0	0
1	★★★神秘水滴	0	1	1	0	0
1	★★★霸王令牌	0	1	1	0	0
1	★★★★★苦行者的拖曳[剧情]	0	1	1	0	0
