;---------黑暗仲裁所 职业 种族


;新通用配置文件\二级密码  永恒主城 336 316  二级密码(保护)  1 8

新通用配置文件\二级密码  mibao 13 15 点我出去  1 8

;新通用配置文件\自助转区 永恒主城	332 316	自助转区 0 8 0 0 0

;新通用配置文件\111充值使者  永恒主城	326	338  充值使者  0 12 0

;新通用配置文件\外挂举报  永恒主城  318 315  外挂举报  0 20072 0


新通用配置文件\每日福利  永恒主城  301 315  每日福利  0 20072 0





0.黑暗仲裁所\种族选择	黑暗仲裁所	116	95	　　	0	10061	0	0	0	0	0

0.黑暗仲裁所\战士狂信徒	黑暗仲裁所	93	103	　	0	20118	0	0	0	0	0
0.黑暗仲裁所\战士惩罚者	黑暗仲裁所	96	100	　	0	20111	0	0	0	0	0
0.黑暗仲裁所\战士游荡者	黑暗仲裁所	99	97	　	0	20069	0	0	0	0	0
0.黑暗仲裁所\战士暗杀者	黑暗仲裁所	102	94	　	0	20083	0	0	0	0	0
0.黑暗仲裁所\战士光明骑士	黑暗仲裁所	105	91	　	0	20076	0	0	0	0	0

0.黑暗仲裁所\法师极寒术士	黑暗仲裁所	94	108	　	0	20102	0	0	0	0	0
0.黑暗仲裁所\法师雷罚使徒	黑暗仲裁所	99	113	　	0	20075	0	0	0	0	0
0.黑暗仲裁所\法师熔岩法师	黑暗仲裁所	104	118	　	0	20114	0	0	0	0	0

0.黑暗仲裁所\道士德鲁伊	黑暗仲裁所	111	117	　	0	20067	0	0	0	0	0
0.黑暗仲裁所\道士苦修士	黑暗仲裁所	115	113	　	0	20087	0	0	0	0	0
0.黑暗仲裁所\道士地狱尊者	黑暗仲裁所	119	109	　	0	20089	0	0	0	0	0

0.黑暗仲裁所\属性专精	黑暗仲裁所	112	90	　	0	20099	0	0	0	0	0
0.黑暗仲裁所\卡牌收集	黑暗仲裁所	122	100	　	0	20087	0	0	0	0	0

0.黑暗仲裁所\仲裁者所长	黑暗仲裁所	132	77	　	0	20109	0	0	0	0	0
0.黑暗仲裁所\仲裁者商会	黑暗仲裁所	123	82	　	0	20095	0	0	0	0	0
0.黑暗仲裁所\仲裁者协会	黑暗仲裁所	129	88	　	0	20106	0	0	0	0	0

0.黑暗仲裁所\前往主城	黑暗仲裁所	95	93	　	0	10052	0	0	0	0	0
0.黑暗仲裁所\前往主城	黑暗仲裁所	118	116	　	0	10052	0	0	0	0	0
0.黑暗仲裁所\前往主城	黑暗仲裁所	96	117	　	0	10052	0	0	0	0	0
0.黑暗仲裁所\前往主城	黑暗仲裁所	89	105	　	0	10052	0	0	0	0	0
0.黑暗仲裁所\前往主城	黑暗仲裁所	107	123	　	0	10052	0	0	0	0	0
0.黑暗仲裁所\前往主城	黑暗仲裁所	125	105	　	0	10052	0	0	0	0	0
0.黑暗仲裁所\前往主城	黑暗仲裁所	107	86	　	0	10052	0	0	0	0	0
0.黑暗仲裁所\前往主城	黑暗仲裁所	126	73	　	0	10052	0	0	0	0	0
0.黑暗仲裁所\前往主城	黑暗仲裁所	138	85	　	0	10052	0	0	0	0	0

;---------主城 非大陆 功能性主城

1.主城NPC\主城传送阵	永恒主城	311	342	　	0	20121	0	0	0	0	0

1.主城NPC\黑暗仲裁所	永恒主城	311	328	　	0	20114	0	0	0	0	0

1.主城NPC\装备重铸		永恒主城	310	315	　	0	20075	0	0	0	0	0
1.主城NPC\狂暴之力		永恒主城	314	315	　	0	20073	0	0	0	0	0
1.主城NPC\沙巴克捐献	永恒主城	306	315	　	0	20070	0	0	0	0	0

1.主城NPC\活动功能		永恒主城	297	321	　	0	20117	0	0	0	0	0
1.主城NPC\货币兑换		永恒主城	297	328	　	0	20115	0	0	0	0	0
1.主城NPC\签到福利		永恒主城	297	335	　	0	20071	0	0	0	0	0

1.主城NPC\沙城管理		永恒主城	328	315	　	0	20118	0	0	0	0	0
1.主城NPC\会员使者		永恒主城	325	332	　	0	20092	0	0	0	0	0
1.主城NPC\限时奖励		永恒主城	323	344	　	0	20071	0	0	0	0	0
1.主城NPC\礼包系统		永恒主城	325	324	　	0	20071	0	0	0	0	0
;　		永恒主城	325	322	　	0	20090	0	0	0	0	0

1.主城NPC\仲裁者商会	永恒主城	317	344	　	0	20095	0	0	0	0	0
1.主城NPC\仲裁者协会	永恒主城	318	308	 　	0	10150	0	0	0	0	0


;-------活动相关NPC
荒野战场领奖		战场	82	94	　	0	20117	0
;---------一大陆
2.星火世界\军衔系统		星火世界	214	721	　　	0	20068	0
2.星火世界\时装		星火世界	218	721	　　	0	20090	0
2.星火世界\转生系统		星火世界	222	721	　　	0	20089	0
2.星火世界\炼药		星火世界	226	721	　　	0	20072	0

2.星火世界\命运之轮		星火世界	230	721	　	0	20096	0

2.星火世界\A1绿茵小镇	星火世界	210	726	　　	0	20080	0
2.星火世界\A2桃园小镇	星火世界	210	732	　　	0	20080	0
2.星火世界\A3青苔腐地	星火世界	210	738	　　	0	20080	0
2.星火世界\A4万妖魔窟	星火世界	210	744	　　	0	20080	0
2.星火世界\A5暗黑之地	星火世界	214	747	　　	0	20080	0
2.星火世界\A6烈风阵地	星火世界	218	747	　　	0	20080	0
2.星火世界\A7光辉之路	星火世界	222	747	　　	0	20080	0
2.星火世界\A8痛苦大厅	星火世界	226	747	　　	0	20080	0

2.星火世界\AX星火魔域	星火世界	234	730	　　	0	20094	0
2.星火世界\轮回试炼		星火世界	234	737	　　	0	20094	0
2.星火世界\TB死亡矿井	星火世界	234	744	　　	0	20094	0

;----------二大陆
3.猎魔世界\时装		猎魔世界	434	504	　	0	20090	0
3.猎魔世界\军衔系统		猎魔世界	438	504	　	0	20068	0
3.猎魔世界\炼药		猎魔世界	442	504	　	0	20072	0
3.猎魔世界\转生系统		猎魔世界	446	504	　	0	20089	0

3.猎魔世界\卡牌洗练		猎魔世界	450	499	　	0	20088	0
3.猎魔世界\熔炼系统		猎魔世界	425	506	　	0	20108	0

3.猎魔世界\命运之轮		猎魔世界	449	491	　	0	20096	0

3.猎魔世界\B1猎魔圣地	猎魔世界	431	481	　	0	20080	0
3.猎魔世界\B2死亡高地	猎魔世界	434	481	　	0	20080	0
3.猎魔世界\B3悲鸣洞穴	猎魔世界	437	481	　	0	20080	0
3.猎魔世界\B4约束之地	猎魔世界	440	481	　	0	20080	0
3.猎魔世界\B5月光林地	猎魔世界	443	481	　	0	20080	0
3.猎魔世界\B6狂怒峡谷	猎魔世界	446	481	　	0	20080	0

3.猎魔世界\B7阴森洞穴	猎魔世界	431	475	　	0	20080	0
3.猎魔世界\B8石墓领地	猎魔世界	434	475	　	0	20080	0
3.猎魔世界\B9死亡之路	猎魔世界	437	475	　	0	20080	0
3.猎魔世界\B10痛苦焦土	猎魔世界	440	475	　	0	20080	0
3.猎魔世界\B11战栗空间	猎魔世界	443	475	　	0	20080	0
3.猎魔世界\B12痛苦巢穴	猎魔世界	446	475	　	0	20080	0

3.猎魔世界\BT幽暗小镇	猎魔世界	449	479	　　	0	20094	0
3.猎魔世界\BX猎魔魔域	猎魔世界	428	479	　　	0	20094	0
;3.猎魔世界\BZ泰坦大陆	猎魔世界	449	479	　[泰坦大陆]\支线世界	0	20094	0
3.猎魔世界\轮回试炼		猎魔世界	429	489	　　	0	20094	0

;-----------三大陆
4.信仰世界\时装		信仰世界	489	513	　	0	20090	0
4.信仰世界\军衔系统		信仰世界	493	513	　	0	20068	0
4.信仰世界\炼药		信仰世界	497	513	　	0	20072	0
4.信仰世界\转生系统		信仰世界	501	513	　	0	20089	0

4.信仰世界\命运之轮		信仰世界	505	513	　	0	20096	0
4.信仰世界\卡牌融合		信仰世界	509	513	　	0	20088	0
;4.信仰世界\大地之双刃剑	信仰世界	513	513	　	0	20078	0

4.信仰世界\轮回试炼		信仰世界	485	518	　	0	20094	0
4.信仰世界\CT极寒国度	信仰世界	522	525	　	0	20094	0
4.信仰世界\CX信仰魔域	信仰世界	522	533	　	0	20094	0

4.信仰世界\C1霸主深渊	信仰世界	488	531	　	0	20080	0
4.信仰世界\C2永恒国度	信仰世界	492	531	　	0	20080	0
4.信仰世界\C3极乐净土	信仰世界	496	531	　	0	20080	0
4.信仰世界\C4圣魔沼泽	信仰世界	500	531	　	0	20080	0
4.信仰世界\C5狂乱迷宫	信仰世界	504	531	　	0	20080	0
4.信仰世界\C6禁断围城	信仰世界	508	531	　	0	20080	0
4.信仰世界\C7失序教院	信仰世界	512	531	　	0	20080	0
4.信仰世界\C8古典密室	信仰世界	516	531	　	0	20080	0

4.信仰世界\C9魔影墓场	信仰世界	488	537	　	0	20080	0
4.信仰世界\C10古拷刑室	信仰世界	492	537	　	0	20080	0
4.信仰世界\C11致命岩滩	信仰世界	496	537	　	0	20080	0
4.信仰世界\C12月色回廊	信仰世界	500	537	　	0	20080	0
4.信仰世界\C13神谕之殿	信仰世界	504	537	　	0	20080	0
4.信仰世界\C14滨海山丘	信仰世界	508	537	　	0	20080	0
4.信仰世界\C15恶咒陵墓	信仰世界	512	537	　	0	20080	0
4.信仰世界\C16密草神殿	信仰世界	516	537	　	0	20080	0

;---------四大陆
5.苦行世界\时装		苦行世界	533	316	　	0	20090	0
5.苦行世界\军衔系统		苦行世界	536	313	　	0	20068	0
5.苦行世界\转生系统		苦行世界	539	310	　	0	20089	0
5.苦行世界\终极卡牌		苦行世界	542	307	　	0	20120	0
5.苦行世界\轮回试炼		苦行世界	544	312	　	0	20094	0

5.苦行世界\命运之轮		苦行世界	547	317	　	0	20096	0
5.苦行世界\DZ苦行魔域	苦行世界	565	323	　	0	20094	0

5.苦行世界\D1暮色沙丘	苦行世界	541	325	　	0	20080	0
5.苦行世界\D2冥神之域	苦行世界	544	328	　	0	20080	0
5.苦行世界\D3夺魂之殿	苦行世界	547	331	　	0	20080	0
5.苦行世界\D4地底之河	苦行世界	550	334	　	0	20080	0
5.苦行世界\D5危机海礁	苦行世界	553	337	　	0	20080	0
5.苦行世界\D6骨迹陵墓	苦行世界	556	340	　	0	20080	0
5.苦行世界\D7古博物馆	苦行世界	559	343	　	0	20080	0

5.苦行世界\D8晨曦墓地	苦行世界	543	333	　	0	20080	0
5.苦行世界\D9古堡		苦行世界	546	336	　	0	20080	0
5.苦行世界\D10凯萨督姆	苦行世界	549	339	　	0	20080	0
5.苦行世界\D11贝磊勾斯特	苦行世界	552	342	　	0	20080	0
5.苦行世界\D12诺格罗德	苦行世界	555	345	　	0	20080	0

5.苦行世界\D13孤山		苦行世界	545	341	　	0	20080	0
5.苦行世界\D14伊瑞德米斯林	苦行世界	542	344	　	0	20080	0
5.苦行世界\D15铁丘陵	苦行世界	539	347	　	0	20080	0
5.苦行世界\D16爱加拉隆	苦行世界	536	350	　	0	20080	0
5.苦行世界\D17墨瑞亚	苦行世界	530	352	　	0	20080	0

5.苦行世界\流浪之人		苦行世界	554	310	　	0	20116	0
5.苦行世界\★★★★★苦行者的拖曳[剧情]		苦行世界	557	313	　	0	20116	0

5.苦行世界\DT火刑秘境	苦行世界	537	319	　	0	20094	0
;------------------------------------------------------------------------------------------------------------------

大陆传送员\二大陆传送	星火世界	236	723	　　	0	10150	0
大陆传送员\三大陆传送	猎魔世界	418	484	　　	0	10150	0
大陆传送员\四大陆传送	信仰世界	513	504	　四　	0	10150	0
大陆传送员\新世界传送	圣域	70	76	　　	0	10150	0


锻造大师\01虫母束腰		万妖通道	64	42	　		0	20116	0
锻造大师\02沙虫皮靴		万妖通道	78	52	　		0	20116	0
锻造大师\03万妖真魔剑	魔窟丽影	125	93	　	0	20116	0
锻造大师\04暗夜束腰		暗黑之地	33	89	　		0	20116	0
锻造大师\05蛛丝战靴		暗黑试炼	46	36	　		0	20116	0
锻造大师\06烈风秘药		烈风疾		99	47	　		0	20116	0
锻造大师\07烈风领主戒指	烈风阵地中心	53	20	　		0	20116	0
锻造大师\08狰狞面孔		痛苦大厅	61	56	　		0	20116	0
锻造大师\09痛苦女王卡牌	痛楚密室	19	38	　		0	20116	0
锻造大师\10傀儡之剑		迷石圣坛	102	52	　		0	20116	0
锻造大师\11蠕虫铠甲		神·圣殿	49	35	　		0	20116	0
锻造大师\12亡灵炼金残品	回廊		28	52	　		0	20116	0
锻造大师\13魔化·黑虎头盔	峡谷之巅	39	42	　		0	20116	0
锻造大师\14魂晶		阴森洞穴至深处	22	36	　		0	20116	0
锻造大师\15幽游白衣		阴森洞穴二层	112	81	　		0	20116	0
锻造大师\16地狱之刃		石墓领地	98	43	　		0	20116	0
锻造大师\17獠牙之戒	战栗空间	39	100	　		0	20116	0
锻造大师\17獠牙手镯	战栗空间	36	97	　		0	20116	0
锻造大师\18魔珠戒指		辐射大厅	24	87	　		0	20116	0
锻造大师\19魔珠手镯		陷阱		177	48	　		0	20116	0
锻造大师\20血犀卡牌		无形熔炉	99	67	　		0	20116	0
锻造大师\21恶魔之戒		巢穴之下	27	36	　		0	20116	0
锻造大师\22序列魔药		永恒国度野外	61	57	　		0	20116	0
锻造大师\23超级序列魔药	魔法之门	57	36	　		0	20116	0
锻造大师\24兽·序列魔药	仙纹奇石阵	52	20	　		0	20116	0
锻造大师\25魔偶超级图腾	舞厅		31	22	　		0	20116	0
锻造大师\26诡秘之首		古典密室	62	15	　		0	20116	0
锻造大师\27异变失序之长靴	畸形亡域	30	12	　		0	20116	0
锻造大师\28刺杀者吊坠	龙窟		115	23	　		0	20116	0
锻造大师\29审判者之戒	侩子手的休息房	103	26	　		0	20116	0
锻造大师\31黑暗祭典		沉陷的教堂	79	96	　		0	20116	0
锻造大师\32蛛王血祭		安息之地	41	16	　		0	20116	0
锻造大师\33虚灵丹		灰影森林	145	39	　		0	20116	0
锻造大师\34教主御靴		沙丘通道	78	21	　		0	20116	0
锻造大师\35教主典礼之靴	灰烬沼泽	45	21	　		0	20116	0
锻造大师\36夺魂之器皿	困兽境		108	24	　		0	20116	0
锻造大师\37夺魂之兜帽	困兽境		32	115	　		0	20116	0
锻造大师\38收割者的鱼骨杖	蛮荒之域	84	112	　		0	20116	0

锻造大师\40神圣卡牌		潮湿地下室	50	35	　		0	20116	0
锻造大师\41神圣守护之戒	悲愤大厅	14	42	　		0	20116	0
锻造大师\42星月面甲	索泰利亚	33	18	　		0	20116	0
锻造大师\43星月不灭·银河之炎	普诺埃		76	103	　		0	20116	0
锻造大师\46魔神龙刃		大地的伤痕	39	15	　		0	20116	0

锻造大师\47★★★★★★拯救世界之刃[世界]	苦行世界	560	316	　	0	20116	0
锻造大师\48★★★黑暗的铜爪权杖	苦行世界	565	314	　		0	20116	0
锻造大师\49★★★丛中的致死魔链	苦行世界	569	310	　		0	20116	0

锻造大师\50地底狐皮		地下廊道	26	85	　		0	20116	0

;5.苦行世界\龙战士		苦行世界	329	447	龙战士		0	10018	0
;5.苦行世界\生命宝石		苦行世界	321	459	生命宝石	0	10018	0
;5.苦行世界\攻击宝石		苦行世界	317	459	攻击宝石	0	10018	0
;5.苦行世界\暴击宝石		苦行世界	325	459	暴击宝石	0	10018	0
;5.苦行世界\攻伤宝石		苦行世界	329	459	攻伤宝石	0	10018	0
;5.苦行世界\鲜血的传承	苦行世界	313	459	鲜血的传承	0	10018	0
;5.苦行世界\武器几率合成		苦行世界	318	444	特定武器锻造	0	10018	0
;
;5.苦行世界\特定宝石锻造		苦行世界	326	444	特定宝石锻造	0	10018	0
;===001备注 这些支线主城晚点要放出来玩法 这个素材已经有了
;支线主城\泰坦大陆		暗黑祭坛	33	42	　		0	10150	0
;支线主城\暗黑王国		无形熔炉	64	27	　		0	10150	0
;支线主城\万妖之城		真神谕之殿	89	36	　		0	10150	0
;支线主城\泰坦英雄界		圣域		70	76	　		0	10150	0
;偷袭皇宫			n3		636	240	偷袭皇宫	0	1	0




自定义NPC      GMFJ	52	74	二零零六七	0	20067	0	0	0	0	0
自定义NPC      GMFJ	54	74	二零零六八	0	20068	0	0	0	0	0
自定义NPC      GMFJ	56	74	二零零六九	0	20069	0	0	0	0	0
自定义NPC      GMFJ	58	74	二零零七零	0	20070	0	0	0	0	0
自定义NPC      GMFJ	60	74	二零零七一	0	20071	0	0	0	0	0
自定义NPC      GMFJ	62	74	二零零七二	0	20072	0	0	0	0	0
自定义NPC      GMFJ	64	74	二零零七三	0	20073	0	0	0	0	0
自定义NPC      GMFJ	66	74	二零零七四	0	20074	0	0	0	0	0
自定义NPC      GMFJ	68	74	二零零七五	0	20075	0	0	0	0	0
自定义NPC      GMFJ	70	74	二零零七六	0	20076	0	0	0	0	0
自定义NPC      GMFJ	72	74	二零零七七	0	20077	0	0	0	0	0
自定义NPC      GMFJ	74	74	二零零七八	0	20078	0	0	0	0	0
自定义NPC      GMFJ	76	74	二零零七九	0	20079	0	0	0	0	0
自定义NPC      GMFJ	78	74	二零零八零	0	20080	0	0	0	0	0
自定义NPC      GMFJ	80	74	二零零八一	0	20081	0	0	0	0	0
自定义NPC      GMFJ	82	74	二零零八二	0	20082	0	0	0	0	0
自定义NPC      GMFJ	83	65	二零零八三	0	20083	0	0	0	0	0
自定义NPC      GMFJ	82	71	二零零八四	0	20084	0	0	0	0	0
自定义NPC      GMFJ	78	58	二零零八五	0	20085	0	0	0	0	0

自定义NPC      GMFJ	52	68	二零零八六	0	20086	0	0	0	0	0
自定义NPC      GMFJ	54	68	二零零八七	0	20087	0	0	0	0	0
自定义NPC      GMFJ	56	68	二零零八八	0	20088	0	0	0	0	0
自定义NPC      GMFJ	58	68	二零零八九	0	20089	0	0	0	0	0
自定义NPC      GMFJ	60	68	二零零九零	0	20090	0	0	0	0	0
自定义NPC      GMFJ	62	68	二零零九一	0	20091	0	0	0	0	0
自定义NPC      GMFJ	64	68	二零零九二	0	20092	0	0	0	0	0
自定义NPC      GMFJ	66	68	二零零九三	0	20093	0	0	0	0	0

自定义NPC      GMFJ	68	68	二零零九四	0	20094	0	0	0	0	0
自定义NPC      GMFJ	70	68	二零零九五	0	20095	0	0	0	0	0
自定义NPC      GMFJ	72	68	二零零九六	0	20096	0	0	0	0	0
自定义NPC      GMFJ	74	68	二零零九七	0	20097	0	0	0	0	0
自定义NPC      GMFJ	76	68	二零零九八	0	20098	0	0	0	0	0


自定义NPC      GMFJ	78	68	二零零九九	0	20099	0	0	0	0	0
自定义NPC      GMFJ	80	68	一零二零零	0	20100	0	0	0	0	0
自定义NPC      GMFJ	87	68	二零一零一	0	20101	0	0	0	0	0
自定义NPC      GMFJ	84	68	二零一零二	0	20102	0	0	0	0	0

自定义NPC      GMFJ	73	62	二零一零三	0	20103	0	0	0	0	0
自定义NPC      GMFJ	75	62	二零一零四	0	20104	0	0	0	0	0
自定义NPC      GMFJ	77	62	二零一零五	0	20105	0	0	0	0	0
自定义NPC      GMFJ	79	62	二零一零六	0	20106	0	0	0	0	0
自定义NPC      GMFJ	81	62	二零一零七	0	20107	0	0	0	0	0

自定义NPC      GMFJ	85	62	二零一零八	0	20108	0	0	0	0	0
自定义NPC      GMFJ	87	62	二零一零九	0	20109	0	0	0	0	0
自定义NPC      GMFJ	89	62	二零一一零	0	20110	0	0	0	0	0
自定义NPC      GMFJ	91	62	二零一一一	0	20111	0	0	0	0	0

自定义NPC      GMFJ	52	80	二零一一二	0	20112	0	0	0	0	0
自定义NPC      GMFJ	54	80	二零一一三	0	20113	0	0	0	0	0
自定义NPC      GMFJ	56	80	二零一一四	0	20114	0	0	0	0	0
自定义NPC      GMFJ	58	80	二零一一五	0	20115	0	0	0	0	0
自定义NPC      GMFJ	60	80	二零一一六	0	20116	0	0	0	0	0
自定义NPC      GMFJ	62	80	二零一一七	0	20117	0	0	0	0	0
自定义NPC      GMFJ	64	80	二零一一八	0	20118	0	0	0	0	0
自定义NPC      GMFJ	66	80	二零一一九	0	20119	0	0	0	0	0
自定义NPC      GMFJ	68	80	二零一二零	0	20120	0	0	0	0	0
自定义NPC      GMFJ	70	80	二零一二一	0	20121	0	0	0	0	0



