;星火世界								
星火魔域	499	499	恐怖巨虫	499	30	15	0	168
星火魔域	499	499	变异钳虫	499	30	15	0	168
星火魔域	499	499	异变钳虫	499	30	15	0	168
星火魔域	499	499	变异盔甲虫	499	30	15	0	168
星火魔域	499	499	魔甲蜘蛛	499	30	15	0	168
星火魔域	499	499	烈风雕像	499	30	15	0	168
星火魔域	499	499	疯狂蓝蛛	499	30	15	0	168
星火魔域	499	499	魔血金刚	499	30	15	0	168
星火魔域	499	499	恐怖巨虫	499	30	15	0	168
星火魔域	499	499	变异钳虫	499	30	15	0	168
星火魔域	499	499	异变钳虫	499	30	15	0	168
星火魔域	499	499	变异盔甲虫	499	30	15	0	168
星火魔域	499	499	魔甲蜘蛛	499	30	15	0	168
星火魔域	499	499	烈风雕像	499	30	15	0	168
星火魔域	499	499	疯狂蓝蛛	499	30	15	0	168
星火魔域	499	499	魔血金刚	499	30	15	0	168
星火魔域	499	499	恐怖巨虫	499	30	15	0	168
星火魔域	499	499	变异钳虫	499	30	15	0	168
星火魔域	499	499	异变钳虫	499	30	15	0	168
星火魔域	499	499	变异盔甲虫	499	30	15	0	168
星火魔域	499	499	魔甲蜘蛛	499	30	15	0	168
星火魔域	499	499	烈风雕像	499	30	15	0	168
星火魔域	499	499	疯狂蓝蛛	499	30	15	0	168
星火魔域	499	499	魔血金刚	499	30	15	0	168
								
星火魔域	499	499	古代钳虫	499	80	15	0	241
星火魔域	499	499	奇异石碑	499	80	15	0	241
星火魔域	499	499	变异蝎卫	499	80	15	0	241
星火魔域	499	499	万妖战神	499	80	15	0	241
星火魔域	499	499	蚁族战士	499	80	15	0	241
星火魔域	499	499	烈风卫士	499	80	15	0	241
星火魔域	499	499	痛苦红蛛	499	80	15	0	241
星火魔域	499	499	寒血僵尸	499	80	15	0	241
								
星火魔域	499	499	嗜血蛆虫	500	30	15	0	243
星火魔域	499	499	杀戮鬼虫	500	30	15	0	243
星火魔域	499	499	阎罗战士	500	30	15	0	243
星火魔域	499	499	火焰巨兽	500	30	15	0	243
星火魔域	499	499	厄运勇士	500	30	15	0	243
星火魔域	499	499	赤炎战将	500	30	15	0	243
星火魔域	499	499	魔灵赤蛇	500	30	15	0	243
星火魔域	499	499	天堂虎蛇	500	30	15	0	243
星火魔域	499	499	恶灵楔蛾	500	30	15	0	243
星火魔域	499	499	冥河僵尸	500	30	15	0	243
星火魔域	499	499	天蓬鹰王	500	30	15	0	243
星火魔域	499	499	御魔甲虫	500	30	15	0	243
星火魔域	499	499	鬼灵鼠王	500	30	15	0	243
星火魔域	499	499	凶神弓手	500	30	15	0	243
星火魔域	499	499	冥界虫王	500	30	15	0	243
								
星火魔域	225	629	古代邪恶钳虫	30	5	30	0	241
星火魔域	225	629	超级毒兽	30	5	30	0	241
星火魔域	225	629	多角虫王	30	5	30	0	241
星火魔域	225	629	魔射手	30	5	30	0	241
星火魔域	225	629	匹格英豪	30	5	30	0	241
星火魔域	225	629	烈风圣殿卫士	30	5	30	0	241
星火魔域	225	629	圣殿蛛王	30	5	30	0	241
星火魔域	225	629	花吻蛛王	30	5	30	0	241
								
星火魔域	890	313	古代邪恶钳虫	30	5	30	0	241
星火魔域	890	313	超级毒兽	30	5	30	0	241
星火魔域	890	313	多角虫王	30	5	30	0	241
星火魔域	890	313	魔射手	30	5	30	0	241
星火魔域	890	313	匹格英豪	30	5	30	0	241
星火魔域	890	313	烈风圣殿卫士	30	5	30	0	241
星火魔域	890	313	圣殿蛛王	30	5	30	0	241
星火魔域	890	313	花吻蛛王	30	5	30	0	241
								
星火魔域	611	793	古代邪恶钳虫	30	5	30	0	241
星火魔域	611	793	超级毒兽	30	5	30	0	241
星火魔域	611	793	多角虫王	30	5	30	0	241
星火魔域	611	793	魔射手	30	5	30	0	241
星火魔域	611	793	匹格英豪	30	5	30	0	241
星火魔域	611	793	烈风圣殿卫士	30	5	30	0	241
星火魔域	611	793	圣殿蛛王	30	5	30	0	241
星火魔域	611	793	花吻蛛王	30	5	30	0	241
								
星火世界	925	620	异秘使者[世界]	1	1	240	0	249
星火世界	706	463	腥红异形[世界]	1	1	240	0	249
								
星火世界	753	153	罪恶战士	1	1	240	0	249
星火世界	337	555	暗黑魔导师	1	1	240	0	249
								
绿荫小镇	52	48	食腐蜈蚣	52	100	1	0	215
绿荫小镇	52	48	变异巨蜂	52	100	1	0	215
;绿荫小镇	52	48	恐怖巨虫	52	20	15	0	168
;绿荫小镇	52	48	古代钳虫	52	5	30	0	241
								
绿荫小径	125	80	食腐蜈蚣	125	90	1	0	215
绿荫小径	125	80	变异巨蜂	125	90	1	0	215
绿荫小径	125	80	恐怖巨虫	125	90	15	0	168
绿荫小径	125	80	古代钳虫	125	40	10	0	241
绿荫小径	125	80	古代邪恶钳虫	125	20	30	0	245
								
绿荫幽森	45	42	恐怖巨虫	45	25	15	0	168
绿荫幽森	45	42	古代钳虫	45	15	30	0	241
绿荫幽森	45	42	古代邪恶钳虫	45	15	30	0	245
绿荫幽森	45	42	嗜血蛆虫	45	1	30	0	243
绿荫幽森	45	42	赤炎战将	45	1	30	0	243
绿荫幽森	45	42	天蓬鹰王	45	1	30	0	243
								
桃园小镇	122	85	桃园恶轮	122	80	1	0	215
桃园小镇	122	85	变异蜘蛛	122	80	1	0	215
桃园小镇	122	85	变异钳虫	122	50	15	0	168
桃园小镇	122	85	奇异石碑	122	10	30	0	241
								
桃园深处	100	100	桃园恶轮	100	80	1	0	215
桃园深处	100	100	变异蜘蛛	100	80	1	0	215
桃园深处	100	100	变异钳虫	100	40	15	0	168
桃园深处	100	100	奇异石碑	100	10	30	0	241
桃园深处	100	100	超级毒兽	100	5	30	0	245
								
桃园最深处	75	43	变异钳虫	45	7	15	0	168
桃园最深处	75	43	奇异石碑	45	7	30	0	241
桃园最深处	75	43	超级毒兽	45	7	30	0	245
桃园最深处	75	43	杀戮鬼虫	45	1	30	0	243
桃园最深处	75	43	魔灵赤蛇	45	1	30	0	243
桃园最深处	75	43	御魔甲虫	45	1	30	0	243
								
								
青苔腐地	150	150	疯狂钩猫	150	120	1	0	215
青苔腐地	150	150	恐怖耙猫	150	120	1	0	215
青苔腐地	150	150	异变钳虫	150	40	15	0	168
青苔腐地	150	150	变异蝎卫	150	15	30	0	241
								
亡灵腐地	200	200	疯狂钩猫	200	250	1	0	215
亡灵腐地	200	200	恐怖耙猫	200	250	1	0	215
亡灵腐地	200	200	异变钳虫	200	80	15	0	168
亡灵腐地	200	200	变异蝎卫	200	30	30	0	241
亡灵腐地	200	200	多角虫王	200	10	30	0	245
								
不死腐地	40	40	异变钳虫	40	15	15	0	168
不死腐地	40	40	变异蝎卫	40	15	30	0	241
不死腐地	40	40	多角虫王	40	15	30	0	245
不死腐地	40	40	阎罗战士	40	1	30	0	243
不死腐地	40	40	天堂虎蛇	40	1	30	0	243
不死腐地	40	40	鬼灵鼠王	40	1	30	0	243
								
								
万妖魔窟	25	30	变异巨角虫	30	25	1	0	215
万妖魔窟	25	30	变异沙虫	30	25	1	0	215
万妖魔窟	25	30	变异盔甲虫	30	20	15	0	168
万妖魔窟	25	30	万妖战神	30	5	30	0	241
								
万妖通道	43	52	变异巨角虫	52	30	1	0	215
万妖通道	43	52	变异沙虫	52	30	1	0	215
万妖通道	43	52	变异盔甲虫	52	35	15	0	168
万妖通道	43	52	万妖战神	52	15	30	0	241
万妖通道	43	52	魔射手	52	5	30	0	245
								
魔窟丽影	75	62	变异盔甲虫	75	15	15	0	168
魔窟丽影	75	62	万妖战神	75	15	30	0	241
魔窟丽影	75	62	魔射手	75	15	30	0	245
魔窟丽影	75	62	火焰巨兽	75	1	30	0	243
魔窟丽影	75	62	恶灵楔蛾	75	1	30	0	243
魔窟丽影	75	62	凶神弓手	75	1	30	0	243
								
暗黑之地	69	86	暗夜月魔	69	80	1	0	215
暗黑之地	69	86	地底蜘蛛	69	80	1	0	215
暗黑之地	69	86	魔甲蜘蛛	69	45	15	0	168
暗黑之地	69	86	蚁族战士	69	15	30	0	241
								
暗黑试炼	40	61	暗夜月魔	61	30	1	0	215
暗黑试炼	40	61	地底蜘蛛	61	30	1	0	215
暗黑试炼	40	61	魔甲蜘蛛	61	25	15	0	168
暗黑试炼	40	61	蚁族战士	61	15	30	0	241
暗黑试炼	40	61	匹格英豪	61	8	30	0	245
								
暗黑祭坛	35	35	魔甲蜘蛛	35	15	15	0	168
暗黑祭坛	35	35	蚁族战士	35	15	30	0	241
暗黑祭坛	35	35	匹格英豪	35	15	30	0	245
暗黑祭坛	35	35	厄运勇士	35	1	30	0	243
暗黑祭坛	35	35	冥河僵尸	35	1	30	0	243
暗黑祭坛	35	35	冥界虫王	35	1	30	0	243
								
烈风阵地	59	55	烈风骷髅	59	80	1	0	215
烈风阵地	59	55	烈风战将	59	80	1	0	215
烈风阵地	59	55	烈风雕像	59	40	15	0	168
烈风阵地	59	55	烈风卫士	59	15	30	0	241
								
烈风疾	65	52	烈风骷髅	65	35	1	0	215
烈风疾	65	52	烈风战将	65	35	1	0	215
烈风疾	65	52	烈风雕像	65	35	15	0	168
烈风疾	65	52	烈风卫士	65	10	30	0	241
烈风疾	65	52	烈风圣殿卫士	65	5	30	0	245
								
烈风阵地中心	53	39	烈风雕像	35	15	15	0	168
烈风阵地中心	53	39	烈风卫士	35	15	30	0	241
烈风阵地中心	53	39	烈风圣殿卫士	35	15	30	0	245
烈风阵地中心	53	39	嗜血蛆虫	35	1	30	0	243
烈风阵地中心	53	39	杀戮鬼虫	35	1	30	0	243
烈风阵地中心	53	39	赤炎战将	35	1	30	0	243
烈风阵地中心	53	39	魔灵赤蛇	35	1	30	0	243
烈风阵地中心	53	39	天蓬鹰王	35	1	30	0	243
烈风阵地中心	53	39	御魔甲虫	35	1	30	0	243
								
痛苦大厅	63	73	负罪骷髅	73	60	1	0	215
痛苦大厅	63	73	痛苦亡者	73	60	1	0	215
痛苦大厅	63	73	疯狂蓝蛛	73	30	15	0	168
痛苦大厅	63	73	痛苦红蛛	73	10	30	0	241
								
血魔大厅	66	88	负罪骷髅	65	40	1	0	215
血魔大厅	66	88	痛苦亡者	65	40	1	0	215
血魔大厅	66	88	疯狂蓝蛛	65	30	15	0	168
血魔大厅	66	88	痛苦红蛛	65	10	30	0	241
血魔大厅	66	88	圣殿蛛王	65	5	30	0	245
								
痛楚密室	28	32	疯狂蓝蛛	35	15	15	0	168
痛楚密室	28	32	痛苦红蛛	35	15	30	0	241
痛楚密室	28	32	圣殿蛛王	35	15	30	0	245
痛楚密室	28	32	杀戮鬼虫	35	1	30	0	243
痛楚密室	28	32	阎罗战士	35	1	30	0	243
痛楚密室	28	32	魔灵赤蛇	35	1	30	0	243
痛楚密室	28	32	天堂虎蛇	35	1	30	0	243
痛楚密室	28	32	鬼灵鼠王	35	1	30	0	243
痛楚密室	28	32	凶神弓手	35	1	30	0	243
								
光辉之路	140	52	傀儡草人	140	150	1	0	215
光辉之路	140	52	暗黑蠕虫	140	150	1	0	215
光辉之路	140	52	魔血金刚	140	70	15	0	168
光辉之路	140	52	寒血僵尸	140	30	30	0	241
								
迷石圣坛	85	70	傀儡草人	85	30	1	0	215
迷石圣坛	85	70	暗黑蠕虫	85	30	1	0	215
迷石圣坛	85	70	魔血金刚	85	30	15	0	168
迷石圣坛	85	70	寒血僵尸	85	10	30	0	241
迷石圣坛	85	70	花吻蛛王	85	5	30	0	245
								
神·圣殿	45	47	魔血金刚	47	15	15	0	168
神·圣殿	45	47	寒血僵尸	47	15	30	0	241
神·圣殿	45	47	花吻蛛王	47	15	30	0	245
神·圣殿	45	47	火焰巨兽	47	1	30	0	243
神·圣殿	45	47	厄运勇士	47	1	30	0	243
神·圣殿	45	47	恶灵楔蛾	47	1	30	0	243
神·圣殿	45	47	冥河僵尸	47	1	30	0	243
神·圣殿	45	47	凶神弓手	47	1	30	0	243
神·圣殿	45	47	冥界虫王	47	1	30	0	243
								
猎魔魔域	500	500	毒龙教主	500	15	20	0	243
猎魔魔域	500	500	夜叉教主	100	15	20	0	243
猎魔魔域	500	500	嗜血恶魔	500	15	20	0	243
猎魔魔域	500	500	昊天龙神	500	15	20	0	243
猎魔魔域	500	500	魔战树妖	500	15	20	0	243
猎魔魔域	500	500	曼多精灵	500	15	20	0	243
猎魔魔域	500	500	逆焰卫士	500	15	20	0	243
猎魔魔域	500	500	吞天蝎卫	500	15	20	0	243
猎魔魔域	500	500	寂灭教主	500	15	20	0	243
猎魔魔域	500	500	自在蟾蜍	500	15	20	0	243
猎魔魔域	500	500	莽牯毒蛛	500	15	20	0	243
猎魔魔域	500	500	邪罗魔王	500	15	20	0	243
猎魔魔域	500	500	九幽法师	500	15	20	0	243
猎魔魔域	500	500	九幽祭司	500	15	20	0	243
猎魔魔域	500	500	九幽魔王	500	15	20	0	243
猎魔魔域	500	500	九幽巨蛾	500	15	20	0	243
猎魔魔域	500	500	九幽力士	500	15	20	0	243
猎魔魔域	500	500	九幽战将	500	15	20	0	243
								
猎魔魔域	500	500	鳍魔石精	500	50	20	0	241
猎魔魔域	500	500	死亡渔者	500	50	20	0	241
猎魔魔域	500	500	悲悯虫王	500	50	20	0	241
猎魔魔域	500	500	谨慎狼王	500	50	20	0	241
猎魔魔域	500	500	月光树人	500	50	20	0	241
猎魔魔域	500	500	魔化黑虎	500	50	20	0	241
猎魔魔域	500	500	逃亡窃贼	500	50	20	0	241
猎魔魔域	500	500	致死天鬼	500	50	20	0	241
猎魔魔域	500	500	黑天收割者	500	50	20	0	241
猎魔魔域	500	500	邪恶黑虎	500	50	20	0	241
猎魔魔域	500	500	恶魔犀牛	500	50	20	0	241
猎魔魔域	500	500	堕落黑熊	500	50	20	0	241
								
猎魔魔域	500	500	魔皇雕像	500	150	15	0	168
猎魔魔域	500	500	死亡鱼苗	500	150	15	0	168
猎魔魔域	500	500	悲悯虫后	500	150	15	0	168
猎魔魔域	500	500	恶行小鬼	500	150	15	0	168
猎魔魔域	500	500	月光地精	500	150	15	0	168
猎魔魔域	500	500	怒火魔蜂	500	150	15	0	168
猎魔魔域	500	500	阴森角虫	500	150	15	0	168
猎魔魔域	500	500	古糜金刚	500	150	15	0	168
猎魔魔域	500	500	地狱勇士	500	150	15	0	168
猎魔魔域	500	500	遗忘红狼	500	150	15	0	168
猎魔魔域	500	500	刺木蜘蛛	500	150	15	0	168
猎魔魔域	500	500	花吻蜘蛛	500	150	15	0	168
猎魔魔域	500	500	魔皇雕像	500	150	15	0	168
猎魔魔域	500	500	死亡鱼苗	500	150	15	0	168
猎魔魔域	500	500	悲悯虫后	500	150	15	0	168
猎魔魔域	500	500	恶行小鬼	500	150	15	0	168
猎魔魔域	500	500	月光地精	500	150	15	0	168
猎魔魔域	500	500	怒火魔蜂	500	150	15	0	168
猎魔魔域	500	500	阴森角虫	500	150	15	0	168
猎魔魔域	500	500	古糜金刚	500	150	15	0	168
猎魔魔域	500	500	地狱勇士	500	150	15	0	168
猎魔魔域	500	500	遗忘红狼	500	150	15	0	168
猎魔魔域	500	500	刺木蜘蛛	500	150	15	0	168
猎魔魔域	500	500	花吻蜘蛛	500	150	15	0	168
								
猎魔魔域	829	839	猎魔巨鼠	30	5	30	0	241
猎魔魔域	829	839	控尸长老	30	5	30	0	241
猎魔魔域	829	839	悲悯教主	30	5	30	0	241
猎魔魔域	829	839	胆小鼠皇	30	5	30	0	241
猎魔魔域	829	839	月光酋长	30	5	30	0	241
猎魔魔域	829	839	怒火虎王	30	5	30	0	241
猎魔魔域	829	839	逃亡匪首	30	5	30	0	241
猎魔魔域	829	839	淫靡亡者	30	5	30	0	241
猎魔魔域	829	839	沼泽恶魔	30	5	30	0	241
猎魔魔域	829	839	焦土虎王	30	5	30	0	241
猎魔魔域	829	839	鬼火巨齿兽	30	5	30	0	241
猎魔魔域	829	839	恶魔雄狮	30	5	30	0	241
								
猎魔魔域	797	891	猎魔巨鼠	30	5	30	0	241
猎魔魔域	797	891	控尸长老	30	5	30	0	241
猎魔魔域	797	891	悲悯教主	30	5	30	0	241
猎魔魔域	797	891	胆小鼠皇	30	5	30	0	241
猎魔魔域	797	891	月光酋长	30	5	30	0	241
猎魔魔域	797	891	怒火虎王	30	5	30	0	241
猎魔魔域	797	891	逃亡匪首	30	5	30	0	241
猎魔魔域	797	891	淫靡亡者	30	5	30	0	241
猎魔魔域	797	891	沼泽恶魔	30	5	30	0	241
猎魔魔域	797	891	焦土虎王	30	5	30	0	241
猎魔魔域	797	891	鬼火巨齿兽	30	5	30	0	241
猎魔魔域	797	891	恶魔雄狮	30	5	30	0	241
								
猎魔魔域	234	235	猎魔巨鼠	30	5	30	0	241
猎魔魔域	234	235	控尸长老	30	5	30	0	241
猎魔魔域	234	235	悲悯教主	30	5	30	0	241
猎魔魔域	234	235	胆小鼠皇	30	5	30	0	241
猎魔魔域	234	235	月光酋长	30	5	30	0	241
猎魔魔域	234	235	怒火虎王	30	5	30	0	241
猎魔魔域	234	235	逃亡匪首	30	5	30	0	241
猎魔魔域	234	235	淫靡亡者	30	5	30	0	241
猎魔魔域	234	235	沼泽恶魔	30	5	30	0	241
猎魔魔域	234	235	焦土虎王	30	5	30	0	241
猎魔魔域	234	235	鬼火巨齿兽	30	5	30	0	241
猎魔魔域	234	235	恶魔雄狮	30	5	30	0	241
								
猎魔魔域	335	795	猎魔巨鼠	30	5	30	0	241
猎魔魔域	335	795	控尸长老	30	5	30	0	241
猎魔魔域	335	795	悲悯教主	30	5	30	0	241
猎魔魔域	335	795	胆小鼠皇	30	5	30	0	241
猎魔魔域	335	795	月光酋长	30	5	30	0	241
猎魔魔域	335	795	怒火虎王	30	5	30	0	241
猎魔魔域	335	795	逃亡匪首	30	5	30	0	241
猎魔魔域	335	795	淫靡亡者	30	5	30	0	241
猎魔魔域	335	795	沼泽恶魔	30	5	30	0	241
猎魔魔域	335	795	焦土虎王	30	5	30	0	241
猎魔魔域	335	795	鬼火巨齿兽	30	5	30	0	241
猎魔魔域	335	795	恶魔雄狮	30	5	30	0	241
								
猎魔世界	37	594	学者凯伊	1	1	240	0	249
猎魔世界	910	424	刺客凯恩	1	1	240	0	249
猎魔世界	376	608	贤者凯伊	1	1	240	0	249
								
猎魔世界	180	744	青龙[世界]	1	1	240	0	249
猎魔世界	418	392	玄武[世界]	1	1	240	0	249
猎魔世界	496	120	穷奇[世界]	1	1	240	0	249
								
猎魔圣地	53	60	警戒沙虫	60	50	1	0	215
猎魔圣地	53	60	猎魔蝙蝠	60	50	1	0	215
猎魔圣地	53	60	魔皇雕像	60	15	15	0	168
猎魔圣地	53	60	鳍魔石精	60	8	30	0	241
								
血祭殿堂	30	30	警戒沙虫	30	30	1	0	215
血祭殿堂	30	30	猎魔蝙蝠	30	30	1	0	215
血祭殿堂	30	30	魔皇雕像	30	10	15	0	168
血祭殿堂	30	30	鳍魔石精	30	5	30	0	241
血祭殿堂	30	30	猎魔巨鼠	30	5	30	0	245
								
诞生之牙	50	65	魔皇雕像	65	15	15	0	168
诞生之牙	50	65	鳍魔石精	65	15	30	0	241
诞生之牙	50	65	猎魔巨鼠	65	15	30	0	245
诞生之牙	50	65	毒龙教主	65	1	30	0	243
诞生之牙	50	65	逆焰卫士	65	1	30	0	243
诞生之牙	50	65	九幽法师	65	1	30	0	243
								
死亡高地	39	30	死亡卫士	39	30	1	0	215
死亡高地	39	30	死亡主教	39	30	1	0	215
死亡高地	39	30	死亡鱼苗	39	15	15	0	168
死亡高地	39	30	死亡渔者	39	8	30	0	241
								
死亡瞭望台	45	46	死亡卫士	46	40	1	0	215
死亡瞭望台	45	46	死亡主教	46	40	1	0	215
死亡瞭望台	45	46	死亡鱼苗	46	10	15	0	168
死亡瞭望台	45	46	死亡渔者	46	5	30	0	241
死亡瞭望台	45	46	控尸长老	46	5	30	0	245
								
碎石荒地	50	50	死亡鱼苗	50	15	15	0	168
碎石荒地	50	50	死亡渔者	50	15	30	0	241
碎石荒地	50	50	控尸长老	50	15	30	0	245
碎石荒地	50	50	夜叉教主	50	1	30	0	243
碎石荒地	50	50	吞天蝎卫	50	1	30	0	243
碎石荒地	50	50	九幽祭司	50	1	30	0	243
								
至高雾境	56	68	夜叉教主 10	1	20	0	243
至高雾境	56	68	吞天蝎卫	68	1	20	0	243
至高雾境	56	68	九幽祭司	68	1	20	0	243
至高雾境	56	68	嗜血蛆虫	68	1	20	0	243
至高雾境	56	68	赤炎战将	68	1	20	0	243
至高雾境	56	68	天蓬鹰王	68	1	20	0	243
								
悲鸣洞穴	42	47	悲悯骷髅	47	30	1	0	215
悲鸣洞穴	42	47	悲悯毒蛇	47	30	1	0	215
悲鸣洞穴	42	47	悲悯虫后	47	15	15	0	168
悲鸣洞穴	42	47	悲悯虫王	47	8	30	0	241
								
悲鸣洞穴一层	42	47	悲悯骷髅	47	40	1	0	215
悲鸣洞穴一层	42	47	悲悯毒蛇	47	40	1	0	215
悲鸣洞穴一层	42	47	悲悯虫后	47	10	15	0	168
悲鸣洞穴一层	42	47	悲悯虫王	47	5	30	0	241
悲鸣洞穴一层	42	47	悲悯教主	47	5	30	0	245
								
悲鸣洞穴二层	42	47	悲悯虫后	47	15	15	0	168
悲鸣洞穴二层	42	47	悲悯虫王	47	15	30	0	241
悲鸣洞穴二层	42	47	悲悯教主	47	15	30	0	245
悲鸣洞穴二层	42	47	嗜血恶魔	47	1	20	0	243
悲鸣洞穴二层	42	47	寂灭教主	47	1	20	0	243
悲鸣洞穴二层	42	47	九幽魔王	47	1	20	0	243
								
								
悲鸣洞穴底部	42	47	嗜血恶魔	47	1	20	0	243
悲鸣洞穴底部	42	47	寂灭教主	47	1	20	0	243
悲鸣洞穴底部	42	47	九幽魔王	47	1	20	0	243
悲鸣洞穴底部	42	47	杀戮鬼虫	47	1	20	0	243
悲鸣洞穴底部	42	47	魔灵赤蛇	47	1	20	0	243
悲鸣洞穴底部	42	47	御魔甲虫	47	1	20	0	243
								
								
								
约束之地	83	76	束缚蜈蚣	83	50	1	0	215
约束之地	83	76	约束恶轮	83	50	1	0	215
约束之地	83	76	恶行小鬼	83	20	15	0	168
约束之地	83	76	谨慎狼王	83	10	30	0	241
								
庙宇	60	84	束缚蜈蚣	84	35	1	0	215
庙宇	60	84	约束恶轮	84	35	1	0	215
庙宇	60	84	恶行小鬼	84	15	15	0	168
庙宇	60	84	谨慎狼王	84	7	30	0	241
庙宇	60	84	胆小鼠皇	84	7	30	0	245
								
回廊	43	42	恶行小鬼	43	15	15	0	168
回廊	43	42	谨慎狼王	43	15	30	0	241
回廊	43	42	胆小鼠皇	43	15	30	0	245
回廊	43	42	昊天龙神	43	1	20	0	243
回廊	43	42	自在蟾蜍	43	1	20	0	243
回廊	43	42	九幽巨蛾	43	1	20	0	243
								
								
野兽囚笼	30	45	昊天龙神	43	1	20	0	243
野兽囚笼	30	45	自在蟾蜍	43	1	20	0	243
野兽囚笼	30	45	九幽巨蛾	43	1	20	0	243
野兽囚笼	30	45	阎罗战士	43	1	20	0	243
野兽囚笼	30	45	天堂虎蛇	43	1	20	0	243
野兽囚笼	30	45	鬼灵鼠王	43	1	20	0	243
								
月光林地	200	200	月光狼王	200	120	1	0	215
月光林地	200	200	月光弓手	200	120	1	0	215
月光林地	200	200	月光刀手	200	120	1	0	215
月光林地	200	200	月光地精	200	40	15	0	168
月光林地	200	200	月光树人	200	25	30	0	241
								
灰谷	145	115	月光狼王	145	110	1	0	215
灰谷	145	115	月光弓手	145	110	1	0	215
灰谷	145	115	月光刀手	145	110	1	0	215
灰谷	145	115	月光地精	145	35	15	0	168
灰谷	145	115	月光树人	145	25	30	0	241
灰谷	145	115	月光酋长	145	15	30	0	245
								
林中要塞	120	162	月光地精	140	30	15	0	168
林中要塞	120	162	月光树人	140	20	30	0	241
林中要塞	120	162	月光酋长	140	10	30	0	245
林中要塞	120	162	魔战树妖	140	1	30	0	243
林中要塞	120	162	莽牯毒蛛	140	1	30	0	243
林中要塞	120	162	九幽力士	140	1	30	0	243
								
月影石台	40	40	魔战树妖	43	1	20	0	243
月影石台	40	40	莽牯毒蛛	43	1	20	0	243
月影石台	40	40	九幽力士	43	1	20	0	243
月影石台	40	40	火焰巨兽	43	1	20	0	243
月影石台	40	40	恶灵楔蛾	43	1	20	0	243
月影石台	40	40	凶神弓手	43	1	20	0	243
								
								
狂怒峡谷	60	55	怒火魔蝠	60	50	1	0	215
狂怒峡谷	60	55	怒火魔蜂	60	50	1	0	215
狂怒峡谷	60	55	毒魔射手	60	20	15	0	168
狂怒峡谷	60	55	魔化黑虎	60	10	30	0	241
								
巨石阵地	63	60	怒火魔蝠	105	40	1	0	215
巨石阵地	63	60	怒火魔蜂	105	40	1	0	215
巨石阵地	63	60	毒魔射手	105	15	15	0	168
巨石阵地	63	60	魔化黑虎	105	10	30	0	241
巨石阵地	63	60	怒火虎王	105	10	30	0	245
								
戈隆峡谷	122	122	毒魔射手	75	15	15	0	168
戈隆峡谷	122	122	魔化黑虎	75	15	30	0	241
戈隆峡谷	122	122	怒火虎王	75	15	30	0	245
戈隆峡谷	122	122	曼多精灵	75	1	20	0	243
戈隆峡谷	122	122	邪罗魔王	75	1	20	0	243
戈隆峡谷	122	122	九幽战将	75	1	20	0	243
								
峡谷之巅	40	40	曼多精灵	40	1	20	0	243
峡谷之巅	40	40	邪罗魔王	40	1	20	0	243
峡谷之巅	40	40	九幽战将	40	1	20	0	243
峡谷之巅	40	40	厄运勇士	40	1	20	0	243
峡谷之巅	40	40	冥河僵尸	40	1	20	0	243
峡谷之巅	40	40	冥界虫王	40	1	20	0	243
								
阴森洞穴	65	52	幽魂蠕虫	60	40	1	0	215
阴森洞穴	65	52	厉魂蝎子	60	40	1	0	215
阴森洞穴	65	52	阴森角虫	60	20	15	0	168
阴森洞穴	65	52	逃亡窃贼	60	10	30	0	241
								
阴森洞穴一层	65	52	幽魂蠕虫	65	40	1	0	215
阴森洞穴一层	65	52	厉魂蝎子	65	40	1	0	215
阴森洞穴一层	65	52	阴森角虫	65	15	15	0	168
阴森洞穴一层	65	52	逃亡窃贼	65	10	30	0	241
阴森洞穴一层	65	52	逃亡匪首	65	10	30	0	245
								
阴森洞穴二层	65	52	阴森角虫	75	15	15	0	168
阴森洞穴二层	65	52	逃亡窃贼	75	15	30	0	241
阴森洞穴二层	65	52	逃亡匪首	75	15	30	0	245
阴森洞穴二层	65	52	毒龙教主	75	1	20	0	243
阴森洞穴二层	65	52	逆焰卫士	75	1	20	0	243
阴森洞穴二层	65	52	九幽法师	75	1	20	0	243
								
阴森洞穴至深处	40	40	毒龙教主	75	1	20	0	243
阴森洞穴至深处	40	40	逆焰卫士	75	1	20	0	243
阴森洞穴至深处	40	40	九幽法师	75	1	20	0	243
阴森洞穴至深处	40	40	火焰巨兽	75	1	20	0	243
阴森洞穴至深处	40	40	恶灵楔蛾	75	1	20	0	243
阴森洞穴至深处	40	40	凶神弓手	75	1	20	0	243
								
死亡之路	50	52	死亡角虫	52	50	1	0	215
死亡之路	50	52	死亡血魔	52	50	1	0	215
死亡之路	50	52	古糜金刚	52	20	15	0	168
死亡之路	50	52	致死天鬼	52	10	30	0	241
								
死亡之路前段	50	52	死亡角虫	52	40	1	0	215
死亡之路前段	50	52	死亡血魔	52	40	1	0	215
死亡之路前段	50	52	古糜金刚	52	10	15	0	168
死亡之路前段	50	52	致死天鬼	52	10	30	0	241
死亡之路前段	50	52	淫靡亡者	52	10	30	0	245
								
死亡之路中段	50	52	古糜金刚	52	15	15	0	168
死亡之路中段	50	52	致死天鬼	52	15	30	0	241
死亡之路中段	50	52	淫靡亡者	52	15	30	0	245
死亡之路中段	50	52	夜叉教主	10	1	20	0	243
死亡之路中段	50	52	吞天蝎卫	52	1	20	0	243
死亡之路中段	50	52	九幽祭司	52	1	20	0	243
								
死亡之路尾段	50	52	夜叉教主	10	1	20	0	243
死亡之路尾段	50	52	吞天蝎卫	52	1	20	0	243
死亡之路尾段	50	52	九幽祭司	52	1	20	0	243
死亡之路尾段	50	52	厄运勇士	52	1	20	0	243
死亡之路尾段	50	52	冥河僵尸	52	1	20	0	243
死亡之路尾段	50	52	冥界虫王	52	1	20	0	243
								
石墓领地	62	37	石墓兽人	62	40	1	0	215
石墓领地	62	37	古墓战士	62	40	1	0	215
石墓领地	62	37	地狱勇士	62	20	15	0	168
石墓领地	62	37	黑天收割者	62	10	30	0	241
								
幽冥领地	60	50	石墓兽人	60	40	1	0	215
幽冥领地	60	50	古墓战士	60	40	1	0	215
幽冥领地	60	50	地狱勇士	60	10	15	0	168
幽冥领地	60	50	黑天收割者	60	10	30	0	241
幽冥领地	60	50	沼泽恶魔	60	10	30	0	245
								
死亡棺材	112	85	地狱勇士	112	15	15	0	168
死亡棺材	112	85	黑天收割者	112	15	30	0	241
死亡棺材	112	85	沼泽恶魔	112	15	30	0	245
死亡棺材	112	85	嗜血恶魔	112	1	20	0	243
死亡棺材	112	85	寂灭教主	112	1	20	0	243
死亡棺材	112	85	九幽魔王	112	1	20	0	243
								
重生墓	32	37	嗜血恶魔	37	1	20	0	243
重生墓	32	37	寂灭教主	37	1	20	0	243
重生墓	32	37	九幽魔王	37	1	20	0	243
重生墓	32	37	嗜血蛆虫	37	1	20	0	243
重生墓	32	37	赤炎战将	37	1	20	0	243
重生墓	32	37	天蓬鹰王	37	1	20	0	243
								
痛苦焦土	56	44	痛苦野猪	80	50	1	0	215
痛苦焦土	56	44	彷徨野猪	80	50	1	0	215
痛苦焦土	56	44	遗忘红狼	80	15	15	0	168
痛苦焦土	56	44	邪恶黑虎	80	8	30	0	241
								
焦土林	53	39	痛苦野猪	52	50	1	0	215
焦土林	53	39	彷徨野猪	52	50	1	0	215
焦土林	53	39	遗忘红狼	52	10	15	0	168
焦土林	53	39	邪恶黑虎	52	8	30	0	241
焦土林	53	39	焦土虎王	52	8	30	0	245
								
哀嚎之地	52	37	遗忘红狼	52	15	15	0	168
哀嚎之地	52	37	邪恶黑虎	52	15	30	0	241
哀嚎之地	52	37	焦土虎王	52	15	30	0	245
哀嚎之地	52	37	昊天龙神	52	1	20	0	243
哀嚎之地	52	37	自在蟾蜍	52	1	20	0	243
哀嚎之地	52	37	九幽巨蛾	52	1	20	0	243
								
邪魂凝练囚笼	50	40	昊天龙神	52	1	20	0	243
邪魂凝练囚笼	50	40	自在蟾蜍	52	1	20	0	243
邪魂凝练囚笼	50	40	九幽巨蛾	52	1	20	0	243
邪魂凝练囚笼	50	40	杀戮鬼虫	52	1	20	0	243
邪魂凝练囚笼	50	40	魔灵赤蛇	52	1	20	0	243
邪魂凝练囚笼	50	40	御魔甲虫	52	1	20	0	243
								
战栗空间	85	70	巨型野猪	80	50	1	0	215
战栗空间	85	70	巨型蜘蛛	80	50	1	0	215
战栗空间	85	70	刺木蜘蛛	80	15	15	0	168
战栗空间	85	70	恶魔犀牛	80	8	30	0	241
								
辐射大厅	140	52	巨型野猪	140	120	1	0	215
辐射大厅	140	52	巨型蜘蛛	140	120	1	0	215
辐射大厅	140	52	刺木蜘蛛	140	40	15	0	168
辐射大厅	140	52	恶魔犀牛	140	15	30	0	241
辐射大厅	140	52	鬼火巨齿兽	140	15	30	0	245
								
陷阱	100	80	刺木蜘蛛	100	15	15	0	168
陷阱	100	80	恶魔犀牛	100	15	30	0	241
陷阱	100	80	鬼火巨齿兽	100	15	30	0	245
陷阱	100	80	魔战树妖	100	1	20	0	243
陷阱	100	80	莽牯毒蛛	100	1	20	0	243
陷阱	100	80	九幽力士	100	1	20	0	243
								
无形熔炉	40	40	魔战树妖	40	1	20	0	243
无形熔炉	40	40	莽牯毒蛛	40	1	20	0	243
无形熔炉	40	40	九幽力士	40	1	20	0	243
无形熔炉	40	40	阎罗战士	40	1	20	0	243
无形熔炉	40	40	天堂虎蛇	40	1	20	0	243
无形熔炉	40	40	鬼灵鼠王	40	1	20	0	243
								
痛苦巢穴	47	52	恶魔僵尸	52	50	1	0	215
痛苦巢穴	47	52	沉沦巨人	52	50	1	0	215
痛苦巢穴	47	52	花吻蜘蛛	52	15	15	0	168
痛苦巢穴	47	52	堕落黑熊	52	8	30	0	241
								
痛苦巢穴二层	47	52	恶魔僵尸	52	120	1	0	215
痛苦巢穴二层	47	52	沉沦巨人	52	120	1	0	215
痛苦巢穴二层	47	52	花吻蜘蛛	52	40	15	0	168
痛苦巢穴二层	47	52	堕落黑熊	52	15	30	0	241
痛苦巢穴二层	47	52	恶魔雄狮	52	15	30	0	245
								
巢穴之下	45	47	花吻蜘蛛	47	15	15	0	168
巢穴之下	45	47	堕落黑熊	47	15	30	0	241
巢穴之下	45	47	恶魔雄狮	47	15	30	0	245
巢穴之下	45	47	曼多精灵	47	1	20	0	243
巢穴之下	45	47	莽牯毒蛛	47	1	20	0	243
巢穴之下	45	47	九幽力士	47	1	20	0	243
								
恶魔在身边	45	47	曼多精灵	47	1	20	0	243
恶魔在身边	45	47	莽牯毒蛛	47	1	20	0	243
恶魔在身边	45	47	九幽力士	47	1	20	0	243
恶魔在身边	45	47	火焰巨兽	47	1	20	0	243
恶魔在身边	45	47	恶灵楔蛾	47	1	20	0	243
恶魔在身边	45	47	凶神弓手	47	1	20	0	243
								
苦行魔域	390	335	失落女兵	390	1	120	0	249
苦行魔域	390	335	暗黑巨蛾	390	1	120	0	249
苦行魔域	390	335	暗黑力士	390	1	120	0	249
苦行魔域	390	335	暗黑战将	390	1	120	0	249
苦行魔域	390	335	冰魄学者凯伊	390	1	120	0	249
苦行魔域	390	335	草丛石龟	390	1	120	0	249
苦行魔域	390	335	草丛树精	390	1	120	0	249
苦行魔域	390	335	暗黑术士	390	1	120	0	249
苦行魔域	390	335	雪原恶灵	390	1	120	0	249
苦行魔域	390	335	蓝魔晶兽	390	1	120	0	249
苦行魔域	390	335	暗黑刺客	390	1	120	0	249
苦行魔域	390	335	巨锤黑猫精	390	1	120	0	249
苦行魔域	390	335	黑猫武士	390	1	120	0	249
苦行魔域	390	335	巫术猫精	390	1	120	0	249
苦行魔域	390	335	巨锤白猫精	390	1	120	0	249
苦行魔域	390	335	罪恶魔法师	390	1	120	0	249
苦行魔域	390	335	罪恶魔射手	390	1	120	0	249
苦行魔域	390	335	沙漠石精	390	1	120	0	249
苦行魔域	390	335	裂口兽	390	1	120	0	249
苦行魔域	390	335	独臂魔	390	1	120	0	249
苦行魔域	390	335	双眼巨镰兽	390	1	120	0	249
苦行魔域	390	335	莱斯鬼兵	390	1	120	0	249
苦行魔域	390	335	狄亚鬼弓	390	1	120	0	249
苦行魔域	390	335	藻前矿工	390	1	120	0	249
苦行魔域	390	335	童谣兽人	390	1	120	0	249
苦行魔域	390	335	安徒法师	390	1	120	0	249
苦行魔域	390	335	莎士比猿	390	1	120	0	249
苦行魔域	390	335	阿维魔人	390	1	120	0	249
苦行魔域	390	335	萨巴赫战士	390	1	120	0	249
苦行魔域	390	335	萨巴赫骑兵	390	1	120	0	249
苦行魔域	390	335	萨巴赫枪骑兵	390	1	120	0	249
苦行魔域	390	335	赛米拉蜘蛛	390	1	120	0	249
苦行魔域	390	335	恐惧的弓手	390	1	120	0	249
苦行魔域	390	335	赫拉克妖风	390	1	120	0	249
苦行魔域	390	335	沙漠食人鬼	390	1	120	0	249
苦行魔域	390	335	沙漠巨鼠	390	1	120	0	249
苦行魔域	390	335	斯巴达剑兵	390	1	120	0	249
苦行魔域	390	335	弗兰肯枪兵	390	1	120	0	249
苦行魔域	390	335	变异项锁兽	390	1	120	0	249
苦行魔域	390	335	变异神石兽	390	1	120	0	249
苦行魔域	390	335 兰斯洛特毒蛇	390	1	480	0	249	
								
苦行魔域	390	335	剑圣	390	1	120	0	249
苦行魔域	390	335	死亡骑士	390	1	120	0	249
苦行魔域	390	335	恶魔猎手	390	1	120	0	249
苦行魔域	390	335	大魔法师	390	1	120	0	249
苦行魔域	390	335	熊猫酒仙	390	1	120	0	249
苦行魔域	390	335	山丘之王	390	1	120	0	249
苦行魔域	390	335	巫妖	390	1	120	0	249
苦行魔域	390	335	牛头人酋长	390	1	120	0	249
苦行魔域	390	335	暗影猎手	390	1	120	0	249
苦行魔域	390	335	守望者	390	1	120	0	249
苦行魔域	390	335	圣骑士	390	1	120	0	249
苦行魔域	390	335	黑暗游侠	390	1	120	0	249
苦行魔域	390	335	驯兽师	390	1	120	0	249
苦行魔域	390	335	先知	390	1	120	0	249
苦行魔域	390	335	娜迦海妖	390	1	120	0	249
苦行魔域	390	335	血魔法师	390	1	120	0	249
苦行魔域	390	335	地精修补匠	390	1	120	0	249
苦行魔域	390	335	丛林守护者	390	1	120	0	249
苦行魔域	390	335	火焰领主	390	1	120	0	249
苦行魔域	390	335	恐惧魔王	390	1	120	0	249
苦行魔域	390	335	深渊领主	390	1	120	0	249
苦行魔域	390	335	月之祭司	390	1	120	0	249
苦行魔域	390	335	炼金术士	390	1	120	0	249
苦行魔域	390	335	地穴领主	390	1	120	0	249
								
苦行魔域	390	335	角斗猫精	390	10	20	0	243
苦行魔域	390	335	勾魂者	390	10	20	0	243
苦行魔域	390	335	铁锤战士	390	10	20	0	243
苦行魔域	390	335	变异甲虫	390	10	20	0	243
苦行魔域	390	335	食人巨花	390	10	20	0	243
苦行魔域	390	335	雪魔晶兽	390	10	20	0	243
苦行魔域	390	335	双刀火魔	390	10	20	0	243
苦行魔域	390	335	巨镰火魔	390	10	20	0	243
苦行魔域	390	335	红魔晶兽	390	10	20	0	243
苦行魔域	390	335	溺死的奴隶	390	10	20	0	243
苦行魔域	390	335	幽灵船亡魂	390	10	20	0	243
苦行魔域	390	335	农奴兽	390	10	20	0	243
苦行魔域	390	335	幽灵船监工	390	10	20	0	243
苦行魔域	390	335	麒麟骨骸	390	10	20	0	243
苦行魔域	390	335	邪淫画轴[异界]	390	10	20	0	243
苦行魔域	390	335	地狱画轴[异界]	390	10	20	0	243
苦行魔域	390	335	菩提画轴[异界]	390	10	20	0	243
苦行魔域	390	335	混沌画轴[异界]	390	10	20	0	243
								
苦行魔域	390	335	暮色素狐	390	40	1	0	168
苦行魔域	390	335	冥神驯兽师	390	40	1	0	168
苦行魔域	390	335	夺魂黑蛙	390	40	1	0	168
苦行魔域	390	335	地底狐狸	390	40	1	0	168
苦行魔域	390	335	轻甲守卫	390	40	1	0	168
苦行魔域	390	335	风魔	390	40	1	0	168
苦行魔域	390	335	守护法老	390	40	1	0	168
苦行魔域	390	335	晨曦小兵	390	40	1	0	168
苦行魔域	390	335	武力神将	390	40	1	0	168
苦行魔域	390	335	星月法师	390	40	1	0	168
苦行魔域	390	335	燃烧鱼人	390	40	1	0	168
苦行魔域	390	335	龙之玄龟	390	40	1	0	168
苦行魔域	390	335	孤山恶灵	390	40	1	0	168
苦行魔域	390	335	死灵巡逻兵	390	40	1	0	168
苦行魔域	390	335	丘陵矛兵	390	40	1	0	168
苦行魔域	390	335	深渊毛人	390	40	1	0	168
苦行魔域	390	335	震天魔神	390	40	1	0	168
苦行魔域	390	335	暮色素狐	390	40	1	0	168
苦行魔域	390	335	冥神驯兽师	390	40	1	0	168
苦行魔域	390	335	夺魂黑蛙	390	40	1	0	168
苦行魔域	390	335	地底狐狸	390	40	1	0	168
苦行魔域	390	335	轻甲守卫	390	40	1	0	168
苦行魔域	390	335	风魔	390	40	1	0	168
苦行魔域	390	335	守护法老	390	40	1	0	168
苦行魔域	390	335	晨曦小兵	390	40	1	0	168
苦行魔域	390	335	武力神将	390	40	1	0	168
苦行魔域	390	335	星月法师	390	40	1	0	168
苦行魔域	390	335	燃烧鱼人	390	40	1	0	168
苦行魔域	390	335	龙之玄龟	390	40	1	0	168
苦行魔域	390	335	孤山恶灵	390	40	1	0	168
苦行魔域	390	335	死灵巡逻兵	390	40	1	0	168
苦行魔域	390	335	丘陵矛兵	390	40	1	0	168
苦行魔域	390	335	深渊毛人	390	40	1	0	168
苦行魔域	390	335	震天魔神	390	40	1	0	168
								
苦行魔域	390	335	暮色卫士	390	40	1	0	241
苦行魔域	390	335	冥神骑兵	390	40	1	0	241
苦行魔域	390	335	夺魂朱雀	390	40	1	0	241
苦行魔域	390	335	地底迷狐	390	40	1	0	241
苦行魔域	390	335	海怪海狮	390	40	1	0	241
苦行魔域	390	335	巨剑守卫	390	40	1	0	241
苦行魔域	390	335	重甲守卫	390	40	1	0	241
苦行魔域	390	335	黑暗巨象	390	40	1	0	241
苦行魔域	390	335	地牢女神	390	40	1	0	241
苦行魔域	390	335	不灭卫士	390	40	1	0	241
苦行魔域	390	335	灾厄使者	390	40	1	0	241
苦行魔域	390	335	祭魂长老	390	40	1	0	241
苦行魔域	390	335	沙漠巨虫	390	40	1	0	241
苦行魔域	390	335	电光尸王	390	40	1	0	241
苦行魔域	390	335	丘陵首领	390	40	1	0	241
苦行魔域	390	335	酋长天珠	390	40	1	0	241
苦行魔域	390	335	堕落巫医	390	40	1	0	241
								
苦行魔域	423	493	暮色教主	10	1	45	0	241
苦行魔域	423	493	冥神教主	10	1	45	0	241
苦行魔域	423	493	夺魂教主	10	1	45	0	241
苦行魔域	423	493	深渊蛛王	10	1	45	0	241
苦行魔域	423	493	灵魂收割者	10	1	45	0	241
苦行魔域	423	493	蓝影刀客	10	1	45	0	241
苦行魔域	423	493	电光灵魂收割者	10	1	45	0	241
苦行魔域	423	493	晨曦战王	10	1	45	0	241
苦行魔域	423	493	卡恩司坦伯爵	10	1	45	0	241
苦行魔域	423	493	银河巨怪	10	1	45	0	241
苦行魔域	423	493	灾厄首领	10	1	45	0	241
苦行魔域	423	493	守望统帅	10	1	45	0	241
苦行魔域	423	493	秃鹫之王	10	1	45	0	241
苦行魔域	423	493	万恶贤者	10	1	45	0	241
苦行魔域	423	493	米尔霸王	10	1	45	0	241
苦行魔域	423	493	地狱之王	10	1	45	0	241
苦行魔域	423	493	灰烬教主	10	1	45	0	241
								
苦行魔域	485	507	暮色教主	10	1	45	0	241
苦行魔域	485	507	冥神教主	10	1	45	0	241
苦行魔域	485	507	夺魂教主	10	1	45	0	241
苦行魔域	485	507	深渊蛛王	10	1	45	0	241
苦行魔域	485	507	灵魂收割者	10	1	45	0	241
苦行魔域	485	507	蓝影刀客	10	1	45	0	241
苦行魔域	485	507	电光灵魂收割者	10	1	45	0	241
苦行魔域	485	507	晨曦战王	10	1	45	0	241
苦行魔域	485	507	卡恩司坦伯爵	10	1	45	0	241
苦行魔域	485	507	银河巨怪	10	1	45	0	241
苦行魔域	485	507	灾厄首领	10	1	45	0	241
苦行魔域	485	507	守望统帅	10	1	45	0	241
苦行魔域	485	507	秃鹫之王	10	1	45	0	241
苦行魔域	485	507	万恶贤者	10	1	45	0	241
苦行魔域	485	507	米尔霸王	10	1	45	0	241
苦行魔域	485	507	地狱之王	10	1	45	0	241
苦行魔域	485	507	灰烬教主	10	1	45	0	241
								
苦行魔域	564	454	暮色教主	10	1	45	0	241
苦行魔域	564	454	冥神教主	10	1	45	0	241
苦行魔域	564	454	夺魂教主	10	1	45	0	241
苦行魔域	564	454	深渊蛛王	10	1	45	0	241
苦行魔域	564	454	灵魂收割者	10	1	45	0	241
苦行魔域	564	454	蓝影刀客	10	1	45	0	241
苦行魔域	564	454	电光灵魂收割者	10	1	45	0	241
苦行魔域	564	454	晨曦战王	10	1	45	0	241
苦行魔域	564	454	卡恩司坦伯爵	10	1	45	0	241
苦行魔域	564	454	银河巨怪	10	1	45	0	241
苦行魔域	564	454	灾厄首领	10	1	45	0	241
苦行魔域	564	454	守望统帅	10	1	45	0	241
苦行魔域	564	454	秃鹫之王	10	1	45	0	241
苦行魔域	564	454	万恶贤者	10	1	45	0	241
苦行魔域	564	454	米尔霸王	10	1	45	0	241
苦行魔域	564	454	地狱之王	10	1	45	0	241
苦行魔域	564	454	灰烬教主	10	1	45	0	241
								
苦行魔域	487	452	暮色教主	10	1	45	0	241
苦行魔域	487	452	冥神教主	10	1	45	0	241
苦行魔域	487	452	夺魂教主	10	1	45	0	241
苦行魔域	487	452	深渊蛛王	10	1	45	0	241
苦行魔域	487	452	灵魂收割者	10	1	45	0	241
苦行魔域	487	452	蓝影刀客	10	1	45	0	241
苦行魔域	487	452	电光灵魂收割者	10	1	45	0	241
苦行魔域	487	452	晨曦战王	10	1	45	0	241
苦行魔域	487	452	卡恩司坦伯爵	10	1	45	0	241
苦行魔域	487	452	银河巨怪	10	1	45	0	241
苦行魔域	487	452	灾厄首领	10	1	45	0	241
苦行魔域	487	452	守望统帅	10	1	45	0	241
苦行魔域	487	452	秃鹫之王	10	1	45	0	241
苦行魔域	487	452	万恶贤者	10	1	45	0	241
苦行魔域	487	452	米尔霸王	10	1	45	0	241
苦行魔域	487	452	地狱之王	10	1	45	0	241
苦行魔域	487	452	灰烬教主	10	1	45	0	241
								
苦行魔域	348	597	暮色教主	10	1	45	0	241
苦行魔域	348	597	冥神教主	10	1	45	0	241
苦行魔域	348	597	夺魂教主	10	1	45	0	241
苦行魔域	348	597	深渊蛛王	10	1	45	0	241
苦行魔域	348	597	灵魂收割者	10	1	45	0	241
苦行魔域	348	597	蓝影刀客	10	1	45	0	241
苦行魔域	348	597	电光灵魂收割者	10	1	45	0	241
苦行魔域	348	597	晨曦战王	10	1	45	0	241
苦行魔域	348	597	卡恩司坦伯爵	10	1	45	0	241
苦行魔域	348	597	银河巨怪	10	1	45	0	241
苦行魔域	348	597	灾厄首领	10	1	45	0	241
苦行魔域	348	597	守望统帅	10	1	45	0	241
苦行魔域	348	597	秃鹫之王	10	1	45	0	241
苦行魔域	348	597	万恶贤者	10	1	45	0	241
苦行魔域	348	597	米尔霸王	10	1	45	0	241
苦行魔域	348	597	地狱之王	10	1	45	0	241
苦行魔域	348	597	灰烬教主	10	1	45	0	241
								
苦行魔域	352	313	暮色教主	10	1	45	0	241
苦行魔域	352	313	冥神教主	10	1	45	0	241
苦行魔域	352	313	夺魂教主	10	1	45	0	241
苦行魔域	352	313	深渊蛛王	10	1	45	0	241
苦行魔域	352	313	灵魂收割者	10	1	45	0	241
苦行魔域	352	313	蓝影刀客	10	1	45	0	241
苦行魔域	352	313	电光灵魂收割者	10	1	45	0	241
苦行魔域	352	313	晨曦战王	10	1	45	0	241
苦行魔域	352	313	卡恩司坦伯爵	10	1	45	0	241
苦行魔域	352	313	银河巨怪	10	1	45	0	241
苦行魔域	352	313	灾厄首领	10	1	45	0	241
苦行魔域	352	313	守望统帅	10	1	45	0	241
苦行魔域	352	313	秃鹫之王	10	1	45	0	241
苦行魔域	352	313	万恶贤者	10	1	45	0	241
苦行魔域	352	313	米尔霸王	10	1	45	0	241
苦行魔域	352	313	地狱之王	10	1	45	0	241
苦行魔域	352	313	灰烬教主	10	1	45	0	241
								
苦行魔域	580	202	暮色教主	10	1	45	0	241
苦行魔域	580	202	冥神教主	10	1	45	0	241
苦行魔域	580	202	夺魂教主	10	1	45	0	241
苦行魔域	580	202	深渊蛛王	10	1	45	0	241
苦行魔域	580	202	灵魂收割者	10	1	45	0	241
苦行魔域	580	202	蓝影刀客	10	1	45	0	241
苦行魔域	580	202	电光灵魂收割者	10	1	45	0	241
苦行魔域	580	202	晨曦战王	10	1	45	0	241
苦行魔域	580	202	卡恩司坦伯爵	10	1	45	0	241
苦行魔域	580	202	银河巨怪	10	1	45	0	241
苦行魔域	580	202	灾厄首领	10	1	45	0	241
苦行魔域	580	202	守望统帅	10	1	45	0	241
苦行魔域	580	202	秃鹫之王	10	1	45	0	241
苦行魔域	580	202	万恶贤者	10	1	45	0	241
苦行魔域	580	202	米尔霸王	10	1	45	0	241
苦行魔域	580	202	地狱之王	10	1	45	0	241
苦行魔域	580	202	灰烬教主	10	1	45	0	241
								
苦行魔域	141	525	暮色教主	10	1	45	0	241
苦行魔域	141	525	冥神教主	10	1	45	0	241
苦行魔域	141	525	夺魂教主	10	1	45	0	241
苦行魔域	141	525	深渊蛛王	10	1	45	0	241
苦行魔域	141	525	灵魂收割者	10	1	45	0	241
苦行魔域	141	525	蓝影刀客	10	1	45	0	241
苦行魔域	141	525	电光灵魂收割者	10	1	45	0	241
苦行魔域	141	525	晨曦战王	10	1	45	0	241
苦行魔域	141	525	卡恩司坦伯爵	10	1	45	0	241
苦行魔域	141	525	银河巨怪	10	1	45	0	241
苦行魔域	141	525	灾厄首领	10	1	45	0	241
苦行魔域	141	525	守望统帅	10	1	45	0	241
苦行魔域	141	525	秃鹫之王	10	1	45	0	241
苦行魔域	141	525	万恶贤者	10	1	45	0	241
苦行魔域	141	525	米尔霸王	10	1	45	0	241
苦行魔域	141	525	地狱之王	10	1	45	0	241
苦行魔域	141	525	灰烬教主	10	1	45	0	241
								
苦行魔域	118	331	暮色教主	10	1	45	0	241
苦行魔域	118	331	冥神教主	10	1	45	0	241
苦行魔域	118	331	夺魂教主	10	1	45	0	241
苦行魔域	118	331	深渊蛛王	10	1	45	0	241
苦行魔域	118	331	灵魂收割者	10	1	45	0	241
苦行魔域	118	331	蓝影刀客	10	1	45	0	241
苦行魔域	118	331	电光灵魂收割者	10	1	45	0	241
苦行魔域	118	331	晨曦战王	10	1	45	0	241
苦行魔域	118	331	卡恩司坦伯爵	10	1	45	0	241
苦行魔域	118	331	银河巨怪	10	1	45	0	241
苦行魔域	118	331	灾厄首领	10	1	45	0	241
苦行魔域	118	331	守望统帅	10	1	45	0	241
苦行魔域	118	331	秃鹫之王	10	1	45	0	241
苦行魔域	118	331	万恶贤者	10	1	45	0	241
苦行魔域	118	331	米尔霸王	10	1	45	0	241
苦行魔域	118	331	地狱之王	10	1	45	0	241
苦行魔域	118	331	灰烬教主	10	1	45	0	241
								
苦行魔域	342	95	暮色教主	10	1	45	0	241
苦行魔域	342	95	冥神教主	10	1	45	0	241
苦行魔域	342	95	夺魂教主	10	1	45	0	241
苦行魔域	342	95	深渊蛛王	10	1	45	0	241
苦行魔域	342	95	灵魂收割者	10	1	45	0	241
苦行魔域	342	95	蓝影刀客	10	1	45	0	241
苦行魔域	342	95	电光灵魂收割者	10	1	45	0	241
苦行魔域	342	95	晨曦战王	10	1	45	0	241
苦行魔域	342	95	卡恩司坦伯爵	10	1	45	0	241
苦行魔域	342	95	银河巨怪	10	1	45	0	241
苦行魔域	342	95	灾厄首领	10	1	45	0	241
苦行魔域	342	95	守望统帅	10	1	45	0	241
苦行魔域	342	95	秃鹫之王	10	1	45	0	241
苦行魔域	342	95	万恶贤者	10	1	45	0	241
苦行魔域	342	95	米尔霸王	10	1	45	0	241
苦行魔域	342	95	地狱之王	10	1	45	0	241
苦行魔域	342	95	灰烬教主	10	1	45	0	241
								
								
苦行世界	275	172	岩石炸弹	1	1	240	0	249
苦行世界	301	271	异秘统帅	1	1	240	0	249
苦行世界	238	404	失落女王	1	1	240	0	249
苦行世界	694	408	不朽宝象王	1	1	240	0	249
苦行世界	490	412	复仇雪狼王	1	1	240	0	249
								
苦行世界	30	490	守护魔神[世界]	1	1	240	0	249
苦行世界	704	565	守护火魔[世界]	1	1	240	0	249
苦行世界	264	83	阎魔太子[世界]	1	1	240	0	249
苦行世界	409	48	巨锤领主[世界]	1	1	240	0	249
苦行世界	686	157	巨石魔兽[世界]	1	1	240	0	249
								
暮色沙丘	155	100	暮色沙丘	155	75	1	0	215
暮色沙丘	155	100	暮色黑狐	155	75	1	0	215
暮色沙丘	155	100	暮色赤狐	155	75	1	0	215
暮色沙丘	155	100	暮色素狐	155	30	15	0	168
暮色沙丘	155	100	暮色卫士	155	15	30	0	241
								
沙丘通道	82	60	暮色沙丘	82	40	1	0	215
沙丘通道	82	60	暮色黑狐	82	40	1	0	215
沙丘通道	82	60	暮色赤狐	82	40	1	0	215
沙丘通道	82	60	暮色素狐	82	30	15	0	168
沙丘通道	82	60	暮色卫士	82	15	30	0	241
沙丘通道	82	60	暮色教主	82	10	30	0	245
								
灰烬沼泽	82	80	暮色素狐	82	15	15	0	168
灰烬沼泽	82	80	暮色卫士	82	15	30	0	241
灰烬沼泽	82	80	暮色教主	82	15	30	0	245
灰烬沼泽	82	80	战神鬼尊	82	1	30	0	243
灰烬沼泽	82	80	麒麟	82	1	30	0	243
灰烬沼泽	82	80	丹墨	82	1	30	0	243
								
忘情沙海	115	75	嗜血蛆虫	115	2	30	0	243
忘情沙海	115	75	赤炎战将	115	2	30	0	243
忘情沙海	115	75	天蓬鹰王	115	2	30	0	243
忘情沙海	115	75	毒龙教主	115	2	30	0	243
忘情沙海	115	75	逆焰卫士	115	2	30	0	243
忘情沙海	115	75	九幽法师	115	2	30	0	243
忘情沙海	115	75	战神鬼尊	115	2	30	0	243
忘情沙海	115	75	麒麟	115	2	30	0	243
忘情沙海	115	75	丹墨	115	2	30	0	243
忘情沙海	115	75	角斗猫精	115	1	30	0	249
忘情沙海	115	75	红魔晶兽	115	1	30	0	249
								
冥神之域	63	73	冥神矿工	73	40	1	0	215
冥神之域	63	73	冥神狂战士	73	40	1	0	215
冥神之域	63	73	冥神驯兽师	73	20	15	0	168
冥神之域	63	73	冥神骑兵	73	10	30	0	241
								
吞噬星空	85	70	冥神矿工	85	40	1	0	215
吞噬星空	85	70	冥神狂战士	85	40	1	0	215
吞噬星空	85	70	冥神驯兽师	85	20	15	0	168
吞噬星空	85	70	冥神骑兵	85	10	30	0	241
吞噬星空	85	70	冥神教主	85	8	30	0	245
								
幽冥洞	46	43	冥神驯兽师	50	3	15	0	168
幽冥洞	46	43	冥神骑兵	50	3	30	0	241
幽冥洞	46	43	冥神教主	50	2	30	0	245
幽冥洞	46	43	夜叉教主	10	1	30	0	243
幽冥洞	46	43	吞天蝎卫	50	1	30	0	243
幽冥洞	46	43	九幽祭司	50	1	30	0	243
幽冥洞	46	43	杀戮鬼虫	50	1	30	0	243
幽冥洞	46	43	魔灵赤蛇	50	1	30	0	243
幽冥洞	46	43	御魔甲虫	50	1	30	0	243
幽冥洞	46	43	魔星恶鬼	50	1	30	0	243
幽冥洞	46	43	鸟人像	50	1	30	0	243
幽冥洞	46	43	镇猫将军	50	1	30	0	243
幽冥洞	46	43	勾魂者	50	1	30	0	249
幽冥洞	46	43	溺死的奴隶	50	1	30	0	249
								
夺魂之殿	45	47	夺魂厨师	47	40	1	0	215
夺魂之殿	45	47	夺魂黄蛙	47	40	1	0	215
夺魂之殿	45	47	夺魂黑蛙	47	20	15	0	168
夺魂之殿	45	47	夺魂朱雀	47	10	30	0	241
								
困兽境	63	73	夺魂厨师	73	40	1	0	215
困兽境	63	73	夺魂黄蛙	73	40	1	0	215
困兽境	63	73	夺魂黑蛙	73	20	15	0	168
困兽境	63	73	夺魂朱雀	73	10	30	0	241
困兽境	63	73	夺魂教主	73	10	30	0	245
								
勇者之地	49	49	夺魂黑蛙	70	5	15	0	168
勇者之地	49	49	夺魂朱雀	70	5	30	0	241
勇者之地	49	49	夺魂教主	70	5	30	0	245
勇者之地	49	49	淫魔凯恩	70	1	30	0	243
勇者之地	49	49	寒冰炼狱天将	70	1	30	0	243
勇者之地	49	49	神之幻境守护神	70	1	30	0	243
								
蛮荒之域	83	75	嗜血恶魔	83	1	30	0	243
蛮荒之域	83	75	寂灭教主	83	1	30	0	243
蛮荒之域	83	75	九幽魔王	83	1	30	0	243
蛮荒之域	83	75	阎罗战士	83	1	30	0	243
蛮荒之域	83	75	天堂虎蛇	83	1	30	0	243
蛮荒之域	83	75	鬼灵鼠王	83	1	30	0	243
蛮荒之域	83	75	淫魔凯恩	83	1	30	0	243
蛮荒之域	83	75	寒冰炼狱天将	83	1	30	0	243
蛮荒之域	83	75	神之幻境守护神	83	1	30	0	243
蛮荒之域	83	75	铁锤战士	83	1	30	0	249
蛮荒之域	83	75	幽灵船亡魂	83	1	30	0	249
								
地底之河	48	39	地底之眼	47	40	1	0	215
地底之河	48	39	地底魔眼	47	40	1	0	215
地底之河	48	39	地底狐狸	47	20	15	0	168
地底之河	48	39	地底迷狐	47	10	30	0	241
								
暗河	40	61	地底之眼	61	40	1	0	215
暗河	40	61	地底魔眼	61	40	1	0	215
暗河	40	61	地底狐狸	61	20	15	0	168
暗河	40	61	地底迷狐	61	10	30	0	241
暗河	40	61	深渊蛛王	61	10	30	0	245
								
地下廊道	42	47	地底狐狸	47	15	15	0	168
地下廊道	42	47	地底迷狐	47	15	30	0	241
地下廊道	42	47	深渊蛛王	47	15	30	0	245
地下廊道	42	47	阿鼻战士	47	1	30	0	243
地下廊道	42	47	巨头面具祭祀	47	1	30	0	243
地下廊道	42	47	古墓将军	47	1	30	0	243
								
无尽深渊	96	84	阿鼻战士	5	1	30	0	243
无尽深渊	96	84	巨头面具祭祀	5	1	30	0	243
无尽深渊	96	84	古墓将军	5	1	30	0	243
无尽深渊	96	84	昊天龙神	5	1	30	0	243
无尽深渊	96	84	自在蟾蜍	5	1	30	0	243
无尽深渊	96	84	九幽巨蛾	5	1	30	0	243
无尽深渊	96	84	火焰巨兽	5	1	30	0	243
无尽深渊	96	84	恶灵楔蛾	5	1	30	0	243
无尽深渊	96	84	凶神弓手	5	1	30	0	243
无尽深渊	96	84	食人巨花	5	1	30	0	249
无尽深渊	96	84	幽灵船监工	5	1	30	0	249
								
危机海礁	48	39	触角神魔	47	40	1	0	215
危机海礁	48	39	沙漠石人	47	40	1	0	215
危机海礁	48	39	轻甲守卫	47	20	15	0	168
危机海礁	48	39	海怪海狮	47	10	30	0	241
								
幽冥海域	62	75	触角神魔	61	40	1	0	215
幽冥海域	62	75	沙漠石人	61	40	1	0	215
幽冥海域	62	75	轻甲守卫	61	20	15	0	168
幽冥海域	62	75	海怪海狮	61	10	30	0	241
幽冥海域	62	75	灵魂收割者	61	10	30	0	245
								
古巴外海	20	25	轻甲守卫	25	15	15	0	168
古巴外海	20	25	海怪海狮	25	15	30	0	241
古巴外海	20	25	灵魂收割者	25	15	30	0	245
古巴外海	20	25	摩罗弓手	25	1	30	0	243
古巴外海	20	25	地狱守门恶魔	25	1	30	0	243
古巴外海	20	25	堕落的法师长老	25	1	30	0	243
								
惊涛之上	35	58	魔战树妖	58	1	30	0	243
惊涛之上	35	58	莽牯毒蛛	58	1	30	0	243
惊涛之上	35	58	九幽力士	58	1	30	0	243
惊涛之上	35	58	厄运勇士	58	1	30	0	243
惊涛之上	35	58	冥河僵尸	58	1	30	0	243
惊涛之上	35	58	冥界虫王	58	1	30	0	243
惊涛之上	35	58	摩罗弓手	58	1	30	0	243
惊涛之上	35	58	地狱守门恶魔	58	1	30	0	243
惊涛之上	35	58	堕落的法师长老	58	1	30	0	243
惊涛之上	35	58	食人巨花	58	1	30	0	249
惊涛之上	35	58	幽灵船监工	58	1	30	0	249
								
骨迹陵墓	56	68	恶性怪	47	40	1	0	215
骨迹陵墓	56	68	爆毒神魔	47	40	1	0	215
骨迹陵墓	56	68	风魔	47	20	15	0	168
骨迹陵墓	56	68	巨剑守卫	47	10	30	0	241
								
嗜血之地	150	150	恶性怪	150	100	1	0	215
嗜血之地	150	150	爆毒神魔	150	100	1	0	215
嗜血之地	150	150	风魔	150	20	15	0	168
嗜血之地	150	150	巨剑守卫	150	10	30	0	241
嗜血之地	150	150	蓝影刀客	150	10	30	0	245
								
破旧的龙骸通道	83	76	风魔	83	15	15	0	168
破旧的龙骸通道	83	76	巨剑守卫	83	15	30	0	241
破旧的龙骸通道	83	76	蓝影刀客	83	15	30	0	245
破旧的龙骸通道	83	76	元始树妖王	83	1	30	0	243
破旧的龙骸通道	83	76	沙遗址魔神	83	1	30	0	243
破旧的龙骸通道	83	76	罪恶魔神	83	1	30	0	243
								
双生之地	76	35	曼多精灵	5	1	30	0	243
双生之地	76	35	邪罗魔王	5	1	30	0	243
双生之地	76	35	九幽战将	5	1	30	0	243
双生之地	76	35	嗜血蛆虫	5	1	30	0	243
双生之地	76	35	赤炎战将	5	1	30	0	243
双生之地	76	35	天蓬鹰王	5	1	30	0	243
双生之地	76	35	元始树妖王	5	1	30	0	243
双生之地	76	35	沙遗址魔神	5	1	30	0	243
双生之地	76	35	罪恶魔神	5	1	30	0	243
双生之地	76	35	雪魔晶兽	5	1	30	0	249
双生之地	76	35	麒麟骨骸	5	1	30	0	249
								
古博物馆	43	46	霸王守卫	46	40	1	0	215
古博物馆	43	46	地狱猎犬	46	40	1	0	215
古博物馆	43	46	守护法老	46	20	15	0	168
古博物馆	43	46	重甲守卫	46	10	30	0	241
								
灵魂储藏室	65	52	霸王守卫	65	40	1	0	215
灵魂储藏室	65	52	地狱猎犬	65	40	1	0	215
灵魂储藏室	65	52	守护法老	65	20	15	0	168
灵魂储藏室	65	52	重甲守卫	65	10	30	0	241
灵魂储藏室	65	52	电光灵魂收割者	65	10	30	0	245
								
幽暗长廊	83	75	守护法老	83	15	15	0	168
幽暗长廊	83	75	重甲守卫	83	15	30	0	241
幽暗长廊	83	75	电光灵魂收割者	83	15	30	0	245
幽暗长廊	83	75	战神鬼尊	83	1	30	0	243
幽暗长廊	83	75	麒麟	83	1	30	0	243
幽暗长廊	83	75	丹墨	83	1	30	0	243
								
潮湿地下室	39	44	嗜血蛆虫	5	1	30	0	243
潮湿地下室	39	44	赤炎战将	5	1	30	0	243
潮湿地下室	39	44	天蓬鹰王	5	1	30	0	243
潮湿地下室	39	44	毒龙教主	5	1	30	0	243
潮湿地下室	39	44	逆焰卫士	5	1	30	0	243
潮湿地下室	39	44	九幽法师	5	1	30	0	243
潮湿地下室	39	44	战神鬼尊	5	1	30	0	243
潮湿地下室	39	44	麒麟	5	1	30	0	243
潮湿地下室	39	44	丹墨	5	1	30	0	243
潮湿地下室	39	44	角斗猫精	5	1	30	0	249
潮湿地下室	39	44	红魔晶兽	5	1	30	0	249
								
晨曦墓地	127	85	红衣法师	127	80	1	0	215
晨曦墓地	127	85	魔神守卫	127	80	1	0	215
晨曦墓地	127	85	晨曦小兵	127	30	15	0	168
晨曦墓地	127	85	黑暗巨象	127	15	30	0	241
								
热风峡谷	66	88	红衣法师	88	80	1	0	215
热风峡谷	66	88	魔神守卫	88	80	1	0	215
热风峡谷	66	88	晨曦小兵	88	30	15	0	168
热风峡谷	66	88	黑暗巨象	88	10	30	0	241
热风峡谷	66	88	晨曦战王	88	10	30	0	245
								
枯萎森林	115	75	晨曦小兵	115	15	15	0	168
枯萎森林	115	75	黑暗巨象	115	15	30	0	241
枯萎森林	115	75	晨曦战王	115	15	30	0	245
枯萎森林	115	75	魔星恶鬼	115	1	30	0	243
枯萎森林	115	75	鸟人像	115	1	30	0	243
枯萎森林	115	75	镇猫将军	115	1	30	0	243
								
碎石岗	115	77	夜叉教主	5	1	30	0	243
碎石岗	115	77	吞天蝎卫	5	1	30	0	243
碎石岗	115	77	九幽祭司	5	1	30	0	243
碎石岗	115	77	杀戮鬼虫	5	1	30	0	243
碎石岗	115	77	魔灵赤蛇	5	1	30	0	243
碎石岗	115	77	御魔甲虫	5	1	30	0	243
碎石岗	115	77	魔星恶鬼	5	1	30	0	243
碎石岗	115	77	鸟人像	5	1	30	0	243
碎石岗	115	77	镇猫将军	5	1	30	0	243
碎石岗	115	77	勾魂者	5	1	30	0	249
碎石岗	115	77	溺死的奴隶	5	1	30	0	249
								
古堡	35	57	火焰狮子	57	40	1	0	215
古堡	35	57	石头狮子	57	40	1	0	215
古堡	35	57	武力神将	57	20	15	0	168
古堡	35	57	地牢女神	57	10	30	0	241
								
古堡长廊	47	52	火焰狮子	52	40	1	0	215
古堡长廊	47	52	石头狮子	52	40	1	0	215
古堡长廊	47	52	武力神将	52	15	15	0	168
古堡长廊	47	52	地牢女神	52	10	30	0	241
古堡长廊	47	52	卡恩司坦伯爵	52	10	30	0	245
								
悲愤大厅	35	39	武力神将	39	15	15	0	168
悲愤大厅	35	39	地牢女神	39	15	30	0	241
悲愤大厅	35	39	卡恩司坦伯爵	39	15	30	0	245
悲愤大厅	35	39	淫魔凯恩	39	1	30	0	243
悲愤大厅	35	39	寒冰炼狱天将	39	1	30	0	243
悲愤大厅	35	39	神之幻境守护神	39	1	30	0	243
								
古堡祭血大厅	38	46	阿鼻战士	5	1	30	0	243
古堡祭血大厅	38	46	巨头面具祭祀	5	1	30	0	243
古堡祭血大厅	38	46	古墓将军	5	1	30	0	243
古堡祭血大厅	38	46	昊天龙神	5	1	30	0	243
古堡祭血大厅	38	46	自在蟾蜍	5	1	30	0	243
古堡祭血大厅	38	46	九幽巨蛾	5	1	30	0	243
古堡祭血大厅	38	46	火焰巨兽	5	1	30	0	243
古堡祭血大厅	38	46	恶灵楔蛾	5	1	30	0	243
古堡祭血大厅	38	46	凶神弓手	5	1	30	0	243
古堡祭血大厅	38	46	食人巨花	5	1	30	0	249
古堡祭血大厅	38	46	幽灵船监工	5	1	30	0	249
								
凯萨督姆	140	52	幽梦箭手	57	120	1	0	215
凯萨督姆	140	52	军界幽灵	57	120	1	0	215
凯萨督姆	140	52	星月法师	57	40	15	0	168
凯萨督姆	140	52	不灭卫士	57	15	30	0	241
								
安格利废墟	112	85	幽梦箭手	112	80	1	0	215
安格利废墟	112	85	军界幽灵	112	80	1	0	215
安格利废墟	112	85	星月法师	112	25	15	0	168
安格利废墟	112	85	不灭卫士	112	12	30	0	241
安格利废墟	112	85	银河巨怪	112	12	30	0	245
								
普诺埃	66	88	星月法师	88	15	15	0	168
普诺埃	66	88	不灭卫士	88	15	30	0	241
普诺埃	66	88	银河巨怪	88	15	30	0	245
普诺埃	66	88	阿鼻战士	88	1	30	0	243
普诺埃	66	88	巨头面具祭祀	88	1	30	0	243
普诺埃	66	88	古墓将军	88	1	30	0	243
								
索泰利亚	81	75	嗜血恶魔	83	1	30	0	243
索泰利亚	81	75	寂灭教主	83	1	30	0	243
索泰利亚	81	75	九幽魔王	83	1	30	0	243
索泰利亚	81	75	阎罗战士	83	1	30	0	243
索泰利亚	81	75	天堂虎蛇	83	1	30	0	243
索泰利亚	81	75	鬼灵鼠王	83	1	30	0	243
索泰利亚	81	75	淫魔凯恩	83	1	30	0	243
索泰利亚	81	75	寒冰炼狱天将	83	1	30	0	243
索泰利亚	81	75	神之幻境守护神	83	1	30	0	243
索泰利亚	81	75	铁锤战士	83	1	30	0	249
索泰利亚	81	75	幽灵船亡魂	83	1	30	0	249
								
贝磊勾斯特	42	64	背叛毒牙	57	40	1	0	215
贝磊勾斯特	42	64	通灵金蟾	57	40	1	0	215
贝磊勾斯特	42	64	燃烧鱼人	57	20	15	0	168
贝磊勾斯特	42	64	灾厄使者	57	10	30	0	241
								
安罗斯山	66	88	背叛毒牙	88	40	1	0	215
安罗斯山	66	88	通灵金蟾	88	40	1	0	215
安罗斯山	66	88	燃烧鱼人	88	15	15	0	168
安罗斯山	66	88	灾厄使者	88	10	30	0	241
安罗斯山	66	88	灾厄首领	88	10	30	0	245
								
卡拉斯加	62	37	燃烧鱼人	88	15	15	0	168
卡拉斯加	62	37	灾厄使者	88	15	30	0	241
卡拉斯加	62	37	灾厄首领	88	15	30	0	245
卡拉斯加	62	37	摩罗弓手	88	1	30	0	243
卡拉斯加	62	37	地狱守门恶魔	88	1	30	0	243
卡拉斯加	62	37	堕落的法师长老	88	1	30	0	243
								
真贝磊勾斯特	100	80	夜叉教主	50	2	30	0	243
真贝磊勾斯特	100	80	吞天蝎卫	100	2	30	0	243
真贝磊勾斯特	100	80	九幽祭司	100	2	30	0	243
真贝磊勾斯特	100	80	杀戮鬼虫	100	2	30	0	243
真贝磊勾斯特	100	80	魔灵赤蛇	100	2	30	0	243
真贝磊勾斯特	100	80	御魔甲虫	100	2	30	0	243
真贝磊勾斯特	100	80	魔星恶鬼	100	2	30	0	243
真贝磊勾斯特	100	80	鸟人像	100	2	30	0	243
真贝磊勾斯特	100	80	镇猫将军	100	2	30	0	243
真贝磊勾斯特	100	80	勾魂者	100	2	30	0	249
真贝磊勾斯特	100	80	溺死的奴隶	100	2	30	0	249
								
诺格罗德	65	52	流浪刺蛙	65	40	1	0	215
诺格罗德	65	52	流浪酒神	65	40	1	0	215
诺格罗德	65	52	龙之玄龟	65	20	15	0	168
诺格罗德	65	52	祭魂长老	65	10	30	0	241
								
戴尔文	56	66	流浪刺蛙	66	40	1	0	215
戴尔文	56	66	流浪酒神	66	40	1	0	215
戴尔文	56	66	龙之玄龟	66	15	15	0	168
戴尔文	56	66	祭魂长老	66	10	30	0	241
戴尔文	56	66	守望统帅	66	10	30	0	245
								
贝蒂的深林	62	37	龙之玄龟	62	15	15	0	168
贝蒂的深林	62	37	祭魂长老	62	15	30	0	241
贝蒂的深林	62	37	守望统帅	62	15	30	0	245
贝蒂的深林	62	37	元始树妖王	62	1	30	0	243
贝蒂的深林	62	37	沙遗址魔神	62	1	30	0	243
贝蒂的深林	62	37	罪恶魔神	62	1	30	0	243
								
真诺格罗德	100	50	嗜血恶魔	5	1	30	0	243
真诺格罗德	100	50	寂灭教主	5	1	30	0	243
真诺格罗德	100	50	九幽魔王	5	1	30	0	243
真诺格罗德	100	50	阎罗战士	5	1	30	0	243
真诺格罗德	100	50	天堂虎蛇	5	1	30	0	243
真诺格罗德	100	50	鬼灵鼠王	5	1	30	0	243
真诺格罗德	100	50	淫魔凯恩	5	1	30	0	243
真诺格罗德	100	50	寒冰炼狱天将	5	1	30	0	243
真诺格罗德	100	50	神之幻境守护神	5	1	30	0	243
真诺格罗德	100	50	铁锤战士	5	1	30	0	249
真诺格罗德	100	50	幽灵船亡魂	5	1	30	0	249
								
孤山	39	30	孤山邪眼	39	40	1	0	215
孤山	39	30	孤山僵尸	39	40	1	0	215
孤山	39	30	孤山恶灵	39	20	15	0	168
孤山	39	30	沙漠巨虫	39	10	30	0	241
								
渡鸦岭	66	88	孤山邪眼	88	40	1	0	215
渡鸦岭	66	88	孤山僵尸	88	40	1	0	215
渡鸦岭	66	88	孤山恶灵	88	15	15	0	168
渡鸦岭	66	88	沙漠巨虫	88	10	30	0	241
渡鸦岭	66	88	秃鹫之王	88	10	30	0	245
								
矮人的防卫哨岗	60	55	孤山恶灵	62	15	15	0	168
矮人的防卫哨岗	60	55	沙漠巨虫	62	15	30	0	241
矮人的防卫哨岗	60	55	秃鹫之王	62	15	30	0	245
矮人的防卫哨岗	60	55	阿鼻战士	62	1	30	0	243
矮人的防卫哨岗	60	55	巨头面具祭祀	62	1	30	0	243
矮人的防卫哨岗	60	55	古墓将军	62	1	30	0	243
								
瑟罗尔的殿堂	45	32	阿鼻战士	45	1	30	0	243
瑟罗尔的殿堂	45	32	巨头面具祭祀	45	1	30	0	243
瑟罗尔的殿堂	45	32	古墓将军	45	1	30	0	243
瑟罗尔的殿堂	45	32	昊天龙神	45	1	30	0	243
瑟罗尔的殿堂	45	32	自在蟾蜍	45	1	30	0	243
瑟罗尔的殿堂	45	32	九幽巨蛾	45	1	30	0	243
瑟罗尔的殿堂	45	32	火焰巨兽	45	1	30	0	243
瑟罗尔的殿堂	45	32	恶灵楔蛾	45	1	30	0	243
瑟罗尔的殿堂	45	32	凶神弓手	45	1	30	0	243
瑟罗尔的殿堂	45	32	食人巨花	45	1	30	0	249
瑟罗尔的殿堂	45	32	幽灵船监工	45	1	30	0	249
								
伊瑞德米斯林	60	50	死灵锤兵	60	40	1	0	215
伊瑞德米斯林	60	50	死灵枪兵	60	40	1	0	215
伊瑞德米斯林	60	50	死灵巡逻兵	60	20	15	0	168
伊瑞德米斯林	60	50	电光尸王	60	10	30	0	241
								
凋谢荒地	50	66	死灵锤兵	66	40	1	0	215
凋谢荒地	50	66	死灵枪兵	66	40	1	0	215
凋谢荒地	50	66	死灵巡逻兵	66	15	15	0	168
凋谢荒地	50	66	电光尸王	66	10	30	0	241
凋谢荒地	50	66	万恶贤者	66	10	30	0	245
								
佛洛威治	66	88	死灵巡逻兵	62	15	15	0	168
佛洛威治	66	88	电光尸王	62	15	30	0	241
佛洛威治	66	88	万恶贤者	62	15	30	0	245
佛洛威治	66	88	摩罗弓手	62	1	30	0	243
佛洛威治	66	88	地狱守门恶魔	62	1	30	0	243
佛洛威治	66	88	堕落的法师长老	62	1	30	0	243
								
圣龙巢穴	66	88	魔战树妖	88	1	30	0	243
圣龙巢穴	66	88	莽牯毒蛛	88	1	30	0	243
圣龙巢穴	66	88	九幽力士	88	1	30	0	243
圣龙巢穴	66	88	厄运勇士	88	1	30	0	243
圣龙巢穴	66	88	冥河僵尸	88	1	30	0	243
圣龙巢穴	66	88	冥界虫王	88	1	30	0	243
圣龙巢穴	66	88	摩罗弓手	88	1	30	0	243
圣龙巢穴	66	88	地狱守门恶魔	88	1	30	0	243
圣龙巢穴	66	88	堕落的法师长老	88	1	30	0	243
圣龙巢穴	66	88	食人巨花	88	1	30	0	249
圣龙巢穴	66	88	幽灵船监工	88	1	30	0	249
								
铁丘陵	100	80	丘陵斧手	60	40	1	0	215
铁丘陵	100	80	丘陵射手	60	40	1	0	215
铁丘陵	100	80	丘陵矛兵	60	20	15	0	168
铁丘陵	100	80	丘陵首领	60	10	30	0	241
								
隐蔽的入口	45	47	丘陵斧手	66	40	1	0	215
隐蔽的入口	45	47	丘陵射手	66	40	1	0	215
隐蔽的入口	45	47	丘陵矛兵	66	15	15	0	168
隐蔽的入口	45	47	丘陵首领	66	10	30	0	241
隐蔽的入口	45	47	米尔霸王	66	10	30	0	245
								
宝藏仓库	56	80	丘陵矛兵	62	5	15	0	168
宝藏仓库	56	80	丘陵首领	62	5	30	0	241
宝藏仓库	56	80	米尔霸王	62	5	30	0	245
宝藏仓库	56	80	元始树妖王	62	1	30	0	243
宝藏仓库	56	80	沙遗址魔神	62	1	30	0	243
宝藏仓库	56	80	罪恶魔神	62	1	30	0	243
								
矮人族禁地	28	32	曼多精灵	5	1	30	0	243
矮人族禁地	28	32	邪罗魔王	5	1	30	0	243
矮人族禁地	28	32	九幽战将	5	1	30	0	243
矮人族禁地	28	32	嗜血蛆虫	5	1	30	0	243
矮人族禁地	28	32	赤炎战将	5	1	30	0	243
矮人族禁地	28	32	天蓬鹰王	5	1	30	0	243
矮人族禁地	28	32	元始树妖王	5	1	30	0	243
矮人族禁地	28	32	沙遗址魔神	5	1	30	0	243
矮人族禁地	28	32	罪恶魔神	5	1	30	0	243
矮人族禁地	28	32	雪魔晶兽	5	1	30	0	249
矮人族禁地	28	32	麒麟骨骸	5	1	30	0	249
								
爱加拉隆	56	66	幽灵猪卫	60	40	1	0	215
爱加拉隆	56	66	亡灵卫士	60	40	1	0	215
爱加拉隆	56	66	深渊毛人	60	20	15	0	168
爱加拉隆	56	66	酋长天珠	60	10	30	0	241
								
裂谷谷底	66	88	幽灵猪卫	88	40	1	0	215
裂谷谷底	66	88	亡灵卫士	88	40	1	0	215
裂谷谷底	66	88	深渊毛人	88	15	15	0	168
裂谷谷底	66	88	酋长天珠	88	10	30	0	241
裂谷谷底	66	88	地狱之王	88	10	30	0	245
								
大地的伤痕	48	39	深渊毛人	62	15	15	0	168
大地的伤痕	48	39	酋长天珠	62	15	30	0	241
大地的伤痕	48	39	地狱之王	62	15	30	0	245
大地的伤痕	48	39	战神鬼尊	62	1	30	0	243
大地的伤痕	48	39	麒麟	62	1	30	0	243
大地的伤痕	48	39	丹墨	62	1	30	0	243
								
永恒之战	28	32	嗜血恶魔	5	1	30	0	243
永恒之战	28	32	寂灭教主	5	1	30	0	243
永恒之战	28	32	九幽魔王	5	1	30	0	243
永恒之战	28	32	阎罗战士	5	1	30	0	243
永恒之战	28	32	天堂虎蛇	5	1	30	0	243
永恒之战	28	32	鬼灵鼠王	5	1	30	0	243
永恒之战	28	32	淫魔凯恩	5	1	30	0	243
永恒之战	28	32	寒冰炼狱天将	5	1	30	0	243
永恒之战	28	32	神之幻境守护神	5	1	30	0	243
永恒之战	28	32	铁锤战士	5	1	30	0	249
永恒之战	28	32	幽灵船亡魂	5	1	30	0	249
								
墨瑞亚	56	66	毒蝮青龙	60	40	1	0	215
墨瑞亚	56	66	死亡金龙	60	40	1	0	215
墨瑞亚	56	66	震天魔神	60	20	15	0	168
墨瑞亚	56	66	堕落巫医	60	10	30	0	241
								
镜影湖	48	39	毒蝮青龙	48	40	1	0	215
镜影湖	48	39	死亡金龙	48	40	1	0	215
镜影湖	48	39	震天魔神	48	15	15	0	168
镜影湖	48	39	堕落巫医	48	10	30	0	241
镜影湖	48	39	灰烬教主	48	10	30	0	245
								
银脉河	83	76	震天魔神	62	15	15	0	168
银脉河	83	76	堕落巫医	62	15	30	0	241
银脉河	83	76	灰烬教主	62	15	30	0	245
银脉河	83	76	魔星恶鬼	62	1	30	0	243
银脉河	83	76	鸟人像	62	1	30	0	243
银脉河	83	76	镇猫将军	62	1	30	0	243
								
都林之门	62	37	阿鼻战士	62	1	30	0	243
都林之门	62	37	巨头面具祭祀	62	1	30	0	243
都林之门	62	37	古墓将军	62	1	30	0	243
都林之门	62	37	昊天龙神	62	1	30	0	243
都林之门	62	37	自在蟾蜍	62	1	30	0	243
都林之门	62	37	九幽巨蛾	62	1	30	0	243
都林之门	62	37	火焰巨兽	62	1	30	0	243
都林之门	62	37	恶灵楔蛾	62	1	30	0	243
都林之门	62	37	凶神弓手	62	1	30	0	243
都林之门	62	37	食人巨花	62	1	30	0	249
都林之门	62	37	幽灵船监工	62	1	30	0	249
								
圣域	20	20	角斗猫精	20	1	30	0	243
圣域	20	20	红魔晶兽	20	1	30	0	243
圣域	20	20	勾魂者	20	1	30	0	243
圣域	20	20	溺死的奴隶	20	1	30	0	243
圣域	20	20	铁锤战士	20	1	30	0	243
圣域	20	20	幽灵船亡魂	20	1	30	0	243
圣域	20	20	变异甲虫	20	1	30	0	243
圣域	20	20	农奴兽	20	1	30	0	243
圣域	20	20	食人巨花	20	1	30	0	243
圣域	20	20	幽灵船监工	20	1	30	0	243
圣域	20	20	雪魔晶兽	20	1	30	0	243
圣域	20	20	麒麟骨骸	20	1	30	0	243
圣域	20	20	双刀火魔	20	1	30	0	243
圣域	20	20	红魔晶兽	20	1	30	0	243
圣域	20	20	巨镰火魔	20	1	30	0	243
圣域	20	20	麒麟骨骸	20	1	30	0	243
圣域	20	20	邪淫画轴[异界]	20	1	30	0	249
圣域	20	20	地狱画轴[异界]	20	1	30	0	249
圣域	20	20	菩提画轴[异界]	20	1	30	0	249
圣域	20	20	混沌画轴[异界]	20	1	30	0	249
								
								
主城神秘洞穴点1	43	45	嗜血蛆虫	45	1	20	0	243
主城神秘洞穴点1	43	45	赤炎战将	45	1	20	0	243
主城神秘洞穴点1	43	45	天蓬鹰王	45	1	20	0	243
主城神秘洞穴点1	43	45	杀戮鬼虫	45	1	20	0	243
主城神秘洞穴点1	43	45	魔灵赤蛇	45	1	20	0	243
主城神秘洞穴点1	43	45	御魔甲虫	45	1	20	0	243
主城神秘洞穴点1	43	45	阎罗战士	45	1	20	0	243
主城神秘洞穴点1	43	45	天堂虎蛇	45	1	20	0	243
主城神秘洞穴点1	43	45	鬼灵鼠王	45	1	20	0	243
主城神秘洞穴点1	43	45	火焰巨兽	45	1	20	0	243
主城神秘洞穴点1	43	45	恶灵楔蛾	45	1	20	0	243
主城神秘洞穴点1	43	45	凶神弓手	45	1	20	0	243
主城神秘洞穴点1	43	45	厄运勇士	45	1	20	0	243
主城神秘洞穴点1	43	45	冥河僵尸	45	1	20	0	243
主城神秘洞穴点1	43	45	冥界虫王	45	1	20	0	243
								
主城神秘洞穴点2	43	45	嗜血蛆虫	45	1	20	0	243
主城神秘洞穴点2	43	45	赤炎战将	45	1	20	0	243
主城神秘洞穴点2	43	45	天蓬鹰王	45	1	20	0	243
主城神秘洞穴点2	43	45	杀戮鬼虫	45	1	20	0	243
主城神秘洞穴点2	43	45	魔灵赤蛇	45	1	20	0	243
主城神秘洞穴点2	43	45	御魔甲虫	45	1	20	0	243
主城神秘洞穴点2	43	45	阎罗战士	45	1	20	0	243
主城神秘洞穴点2	43	45	天堂虎蛇	45	1	20	0	243
主城神秘洞穴点2	43	45	鬼灵鼠王	45	1	20	0	243
主城神秘洞穴点2	43	45	火焰巨兽	45	1	20	0	243
主城神秘洞穴点2	43	45	恶灵楔蛾	45	1	20	0	243
主城神秘洞穴点2	43	45	凶神弓手	45	1	20	0	243
主城神秘洞穴点2	43	45	厄运勇士	45	1	20	0	243
主城神秘洞穴点2	43	45	冥河僵尸	45	1	20	0	243
主城神秘洞穴点2	43	45	冥界虫王	45	1	20	0	243
								
二大陆神秘洞穴点1	105	133	毒龙教主	200	1	20	0	243
二大陆神秘洞穴点1	105	133	逆焰卫士	200	1	20	0	243
二大陆神秘洞穴点1	105	133	九幽法师	200	1	20	0	243
二大陆神秘洞穴点1	105	133	夜叉教主	200	1	20	0	243
二大陆神秘洞穴点1	105	133	吞天蝎卫	200	1	20	0	243
二大陆神秘洞穴点1	105	133	九幽祭司	200	1	20	0	243
二大陆神秘洞穴点1	105	133	嗜血恶魔	200	1	20	0	243
二大陆神秘洞穴点1	105	133	寂灭教主	200	1	20	0	243
二大陆神秘洞穴点1	105	133	九幽魔王	200	1	20	0	243
二大陆神秘洞穴点1	105	133	昊天龙神	200	1	20	0	243
二大陆神秘洞穴点1	105	133	自在蟾蜍	200	1	20	0	243
二大陆神秘洞穴点1	105	133	九幽巨蛾	200	1	20	0	243
二大陆神秘洞穴点1	105	133	魔战树妖	200	1	20	0	243
二大陆神秘洞穴点1	105	133	莽牯毒蛛	200	1	20	0	243
二大陆神秘洞穴点1	105	133	九幽力士	200	1	20	0	243
二大陆神秘洞穴点1	105	133	曼多精灵	200	1	20	0	243
二大陆神秘洞穴点1	105	133	邪罗魔王	200	1	20	0	243
二大陆神秘洞穴点1	105	133	九幽战将	200	1	20	0	243
								
二大陆神秘洞穴点2	105	133	毒龙教主	200	1	20	0	243
二大陆神秘洞穴点2	105	133	逆焰卫士	200	1	20	0	243
二大陆神秘洞穴点2	105	133	九幽法师	200	1	20	0	243
二大陆神秘洞穴点2	105	133	夜叉教主	200	1	20	0	243
二大陆神秘洞穴点2	105	133	吞天蝎卫	200	1	20	0	243
二大陆神秘洞穴点2	105	133	九幽祭司	200	1	20	0	243
二大陆神秘洞穴点2	105	133	嗜血恶魔	200	1	20	0	243
二大陆神秘洞穴点2	105	133	寂灭教主	200	1	20	0	243
二大陆神秘洞穴点2	105	133	九幽魔王	200	1	20	0	243
二大陆神秘洞穴点2	105	133	昊天龙神	200	1	20	0	243
二大陆神秘洞穴点2	105	133	自在蟾蜍	200	1	20	0	243
二大陆神秘洞穴点2	105	133	九幽巨蛾	200	1	20	0	243
二大陆神秘洞穴点2	105	133	魔战树妖	200	1	20	0	243
二大陆神秘洞穴点2	105	133	莽牯毒蛛	200	1	20	0	243
二大陆神秘洞穴点2	105	133	九幽力士	200	1	20	0	243
二大陆神秘洞穴点2	105	133	曼多精灵	200	1	20	0	243
二大陆神秘洞穴点2	105	133	邪罗魔王	200	1	20	0	243
二大陆神秘洞穴点2	105	133	九幽战将	200	1	20	0	243
								
二大陆神秘洞穴点3	105	133	毒龙教主	200	1	20	0	243
二大陆神秘洞穴点3	105	133	逆焰卫士	200	1	20	0	243
二大陆神秘洞穴点3	105	133	九幽法师	200	1	20	0	243
二大陆神秘洞穴点3	105	133	夜叉教主	200	1	20	0	243
二大陆神秘洞穴点3	105	133	吞天蝎卫	200	1	20	0	243
二大陆神秘洞穴点3	105	133	九幽祭司	200	1	20	0	243
二大陆神秘洞穴点3	105	133	嗜血恶魔	200	1	20	0	243
二大陆神秘洞穴点3	105	133	寂灭教主	200	1	20	0	243
二大陆神秘洞穴点3	105	133	九幽魔王	200	1	20	0	243
二大陆神秘洞穴点3	105	133	昊天龙神	200	1	20	0	243
二大陆神秘洞穴点3	105	133	自在蟾蜍	200	1	20	0	243
二大陆神秘洞穴点3	105	133	九幽巨蛾	200	1	20	0	243
二大陆神秘洞穴点3	105	133	魔战树妖	200	1	20	0	243
二大陆神秘洞穴点3	105	133	莽牯毒蛛	200	1	20	0	243
二大陆神秘洞穴点3	105	133	九幽力士	200	1	20	0	243
二大陆神秘洞穴点3	105	133	曼多精灵	200	1	20	0	243
二大陆神秘洞穴点3	105	133	邪罗魔王	200	1	20	0	243
二大陆神秘洞穴点3	105	133	九幽战将	200	1	20	0	243
								
三大陆神秘洞穴点1	78	62	战神鬼尊	78	1	20	0	243
三大陆神秘洞穴点1	78	62	麒麟	78	1	20	0	243
三大陆神秘洞穴点1	78	62	丹墨	78	1	20	0	243
三大陆神秘洞穴点1	78	62	魔星恶鬼	78	1	20	0	243
三大陆神秘洞穴点1	78	62	鸟人像	78	1	20	0	243
三大陆神秘洞穴点1	78	62	镇猫将军	78	1	20	0	243
三大陆神秘洞穴点1	78	62	淫魔凯恩	78	1	20	0	243
三大陆神秘洞穴点1	78	62	寒冰炼狱天将	78	1	20	0	243
三大陆神秘洞穴点1	78	62	神之幻境守护神	78	1	20	0	243
三大陆神秘洞穴点1	78	62	阿鼻战士	78	1	20	0	243
三大陆神秘洞穴点1	78	62	巨头面具祭祀	78	1	20	0	243
三大陆神秘洞穴点1	78	62	古墓将军	78	1	20	0	243
三大陆神秘洞穴点1	78	62	摩罗弓手	78	1	20	0	243
三大陆神秘洞穴点1	78	62	地狱守门恶魔	78	1	20	0	243
三大陆神秘洞穴点1	78	62	堕落的法师长老	78	1	20	0	243
三大陆神秘洞穴点1	78	62	元始树妖王	78	1	20	0	243
三大陆神秘洞穴点1	78	62	沙遗址魔神	78	1	20	0	243
三大陆神秘洞穴点1	78	62	罪恶魔神	78	1	20	0	243
								
三大陆神秘洞穴点2	78	62	战神鬼尊	78	1	20	0	243
三大陆神秘洞穴点2	78	62	麒麟	78	1	20	0	243
三大陆神秘洞穴点2	78	62	丹墨	78	1	20	0	243
三大陆神秘洞穴点2	78	62	魔星恶鬼	78	1	20	0	243
三大陆神秘洞穴点2	78	62	鸟人像	78	1	20	0	243
三大陆神秘洞穴点2	78	62	镇猫将军	78	1	20	0	243
三大陆神秘洞穴点2	78	62	淫魔凯恩	78	1	20	0	243
三大陆神秘洞穴点2	78	62	寒冰炼狱天将	78	1	20	0	243
三大陆神秘洞穴点2	78	62	神之幻境守护神	78	1	20	0	243
三大陆神秘洞穴点2	78	62	阿鼻战士	78	1	20	0	243
三大陆神秘洞穴点2	78	62	巨头面具祭祀	78	1	20	0	243
三大陆神秘洞穴点2	78	62	古墓将军	78	1	20	0	243
三大陆神秘洞穴点2	78	62	摩罗弓手	78	1	20	0	243
三大陆神秘洞穴点2	78	62	地狱守门恶魔	78	1	20	0	243
三大陆神秘洞穴点2	78	62	堕落的法师长老	78	1	20	0	243
三大陆神秘洞穴点2	78	62	元始树妖王	78	1	20	0	243
三大陆神秘洞穴点2	78	62	沙遗址魔神	78	1	20	0	243
三大陆神秘洞穴点2	78	62	罪恶魔神	78	1	20	0	243
								
三大陆神秘洞穴点3	78	62	战神鬼尊	78	1	20	0	243
三大陆神秘洞穴点3	78	62	麒麟	78	1	20	0	243
三大陆神秘洞穴点3	78	62	丹墨	78	1	20	0	243
三大陆神秘洞穴点3	78	62	魔星恶鬼	78	1	20	0	243
三大陆神秘洞穴点3	78	62	鸟人像	78	1	20	0	243
三大陆神秘洞穴点3	78	62	镇猫将军	78	1	20	0	243
三大陆神秘洞穴点3	78	62	淫魔凯恩	78	1	20	0	243
三大陆神秘洞穴点3	78	62	寒冰炼狱天将	78	1	20	0	243
三大陆神秘洞穴点3	78	62	神之幻境守护神	78	1	20	0	243
三大陆神秘洞穴点3	78	62	阿鼻战士	78	1	20	0	243
三大陆神秘洞穴点3	78	62	巨头面具祭祀	78	1	20	0	243
三大陆神秘洞穴点3	78	62	古墓将军	78	1	20	0	243
三大陆神秘洞穴点3	78	62	摩罗弓手	78	1	20	0	243
三大陆神秘洞穴点3	78	62	地狱守门恶魔	78	1	20	0	243
三大陆神秘洞穴点3	78	62	堕落的法师长老	78	1	20	0	243
三大陆神秘洞穴点3	78	62	元始树妖王	78	1	20	0	243
三大陆神秘洞穴点3	78	62	沙遗址魔神	78	1	20	0	243
三大陆神秘洞穴点3	78	62	罪恶魔神	78	1	20	0	243
								
三大陆神秘洞穴点4	78	62	战神鬼尊	78	1	20	0	243
三大陆神秘洞穴点4	78	62	麒麟	78	1	20	0	243
三大陆神秘洞穴点4	78	62	丹墨	78	1	20	0	243
三大陆神秘洞穴点4	78	62	魔星恶鬼	78	1	20	0	243
三大陆神秘洞穴点4	78	62	鸟人像	78	1	20	0	243
三大陆神秘洞穴点4	78	62	镇猫将军	78	1	20	0	243
三大陆神秘洞穴点4	78	62	淫魔凯恩	78	1	20	0	243
三大陆神秘洞穴点4	78	62	寒冰炼狱天将	78	1	20	0	243
三大陆神秘洞穴点4	78	62	神之幻境守护神	78	1	20	0	243
三大陆神秘洞穴点4	78	62	阿鼻战士	78	1	20	0	243
三大陆神秘洞穴点4	78	62	巨头面具祭祀	78	1	20	0	243
三大陆神秘洞穴点4	78	62	古墓将军	78	1	20	0	243
三大陆神秘洞穴点4	78	62	摩罗弓手	78	1	20	0	243
三大陆神秘洞穴点4	78	62	地狱守门恶魔	78	1	20	0	243
三大陆神秘洞穴点4	78	62	堕落的法师长老	78	1	20	0	243
三大陆神秘洞穴点4	78	62	元始树妖王	78	1	20	0	243
三大陆神秘洞穴点4	78	62	沙遗址魔神	78	1	20	0	243
三大陆神秘洞穴点4	78	62	罪恶魔神	78	1	20	0	243
								
四大陆神秘洞穴点1	42	47	角斗猫精	47	1	20	0	243
四大陆神秘洞穴点1	42	47	红魔晶兽	47	1	20	0	243
四大陆神秘洞穴点1	42	47	勾魂者	47	1	20	0	243
四大陆神秘洞穴点1	42	47	溺死的奴隶	47	1	20	0	243
四大陆神秘洞穴点1	42	47	铁锤战士	47	1	20	0	243
四大陆神秘洞穴点1	42	47	幽灵船亡魂	47	1	20	0	243
四大陆神秘洞穴点1	42	47	变异甲虫	47	1	20	0	243
四大陆神秘洞穴点1	42	47	农奴兽	47	1	20	0	243
四大陆神秘洞穴点1	42	47	食人巨花	47	1	20	0	243
四大陆神秘洞穴点1	42	47	幽灵船监工	47	1	20	0	243
四大陆神秘洞穴点1	42	47	雪魔晶兽	47	1	20	0	243
四大陆神秘洞穴点1	42	47	麒麟骨骸	47	1	20	0	243
四大陆神秘洞穴点1	42	47	双刀火魔	47	1	20	0	243
四大陆神秘洞穴点1	42	47	红魔晶兽	47	1	20	0	243
四大陆神秘洞穴点1	42	47	巨镰火魔	47	1	20	0	243
四大陆神秘洞穴点1	42	47	麒麟骨骸	47	1	20	0	243
								
四大陆神秘洞穴点2	42	47	角斗猫精	47	1	20	0	243
四大陆神秘洞穴点2	42	47	红魔晶兽	47	1	20	0	243
四大陆神秘洞穴点2	42	47	勾魂者	47	1	20	0	243
四大陆神秘洞穴点2	42	47	溺死的奴隶	47	1	20	0	243
四大陆神秘洞穴点2	42	47	铁锤战士	47	1	20	0	243
四大陆神秘洞穴点2	42	47	幽灵船亡魂	47	1	20	0	243
四大陆神秘洞穴点2	42	47	变异甲虫	47	1	20	0	243
四大陆神秘洞穴点2	42	47	农奴兽	47	1	20	0	243
四大陆神秘洞穴点2	42	47	食人巨花	47	1	20	0	243
四大陆神秘洞穴点2	42	47	幽灵船监工	47	1	20	0	243
四大陆神秘洞穴点2	42	47	雪魔晶兽	47	1	20	0	243
四大陆神秘洞穴点2	42	47	麒麟骨骸	47	1	20	0	243
四大陆神秘洞穴点2	42	47	双刀火魔	47	1	20	0	243
四大陆神秘洞穴点2	42	47	红魔晶兽	47	1	20	0	243
四大陆神秘洞穴点2	42	47	巨镰火魔	47	1	20	0	243
四大陆神秘洞穴点2	42	47	麒麟骨骸	47	1	20	0	243
								
四大陆神秘洞穴点3	42	47	角斗猫精	47	1	20	0	243
四大陆神秘洞穴点3	42	47	红魔晶兽	47	1	20	0	243
四大陆神秘洞穴点3	42	47	勾魂者	47	1	20	0	243
四大陆神秘洞穴点3	42	47	溺死的奴隶	47	1	20	0	243
四大陆神秘洞穴点3	42	47	铁锤战士	47	1	20	0	243
四大陆神秘洞穴点3	42	47	幽灵船亡魂	47	1	20	0	243
四大陆神秘洞穴点3	42	47	变异甲虫	47	1	20	0	243
四大陆神秘洞穴点3	42	47	农奴兽	47	1	20	0	243
四大陆神秘洞穴点3	42	47	食人巨花	47	1	20	0	243
四大陆神秘洞穴点3	42	47	幽灵船监工	47	1	20	0	243
四大陆神秘洞穴点3	42	47	雪魔晶兽	47	1	20	0	243
四大陆神秘洞穴点3	42	47	麒麟骨骸	47	1	20	0	243
四大陆神秘洞穴点3	42	47	双刀火魔	47	1	20	0	243
四大陆神秘洞穴点3	42	47	红魔晶兽	47	1	20	0	243
四大陆神秘洞穴点3	42	47	巨镰火魔	47	1	20	0	243
四大陆神秘洞穴点3	42	47	麒麟骨骸	47	1	20	0	243
								
四大陆神秘洞穴点4	42	47	角斗猫精	47	1	20	0	243
四大陆神秘洞穴点4	42	47	红魔晶兽	47	1	20	0	243
四大陆神秘洞穴点4	42	47	勾魂者	47	1	20	0	243
四大陆神秘洞穴点4	42	47	溺死的奴隶	47	1	20	0	243
四大陆神秘洞穴点4	42	47	铁锤战士	47	1	20	0	243
四大陆神秘洞穴点4	42	47	幽灵船亡魂	47	1	20	0	243
四大陆神秘洞穴点4	42	47	变异甲虫	47	1	20	0	243
四大陆神秘洞穴点4	42	47	农奴兽	47	1	20	0	243
四大陆神秘洞穴点4	42	47	食人巨花	47	1	20	0	243
四大陆神秘洞穴点4	42	47	幽灵船监工	47	1	20	0	243
四大陆神秘洞穴点4	42	47	雪魔晶兽	47	1	20	0	243
四大陆神秘洞穴点4	42	47	麒麟骨骸	47	1	20	0	243
四大陆神秘洞穴点4	42	47	双刀火魔	47	1	20	0	243
四大陆神秘洞穴点4	42	47	红魔晶兽	47	1	20	0	243
四大陆神秘洞穴点4	42	47	巨镰火魔	47	1	20	0	243
四大陆神秘洞穴点4	42	47	麒麟骨骸	47	1	20	0	243
								
四大陆神秘洞穴点5	42	47	角斗猫精	47	1	20	0	243
四大陆神秘洞穴点5	42	47	红魔晶兽	47	1	20	0	243
四大陆神秘洞穴点5	42	47	勾魂者	47	1	20	0	243
四大陆神秘洞穴点5	42	47	溺死的奴隶	47	1	20	0	243
四大陆神秘洞穴点5	42	47	铁锤战士	47	1	20	0	243
四大陆神秘洞穴点5	42	47	幽灵船亡魂	47	1	20	0	243
四大陆神秘洞穴点5	42	47	变异甲虫	47	1	20	0	243
四大陆神秘洞穴点5	42	47	农奴兽	47	1	20	0	243
四大陆神秘洞穴点5	42	47	食人巨花	47	1	20	0	243
四大陆神秘洞穴点5	42	47	幽灵船监工	47	1	20	0	243
四大陆神秘洞穴点5	42	47	雪魔晶兽	47	1	20	0	243
四大陆神秘洞穴点5	42	47	麒麟骨骸	47	1	20	0	243
四大陆神秘洞穴点5	42	47	双刀火魔	47	1	20	0	243
四大陆神秘洞穴点5	42	47	红魔晶兽	47	1	20	0	243
四大陆神秘洞穴点5	42	47	巨镰火魔	47	1	20	0	243
四大陆神秘洞穴点5	42	47	麒麟骨骸	47	1	20	0	243
								
信仰魔域	500	500	战神鬼尊	500	10	20	0	243
信仰魔域	500	500	魔星恶鬼	500	10	20	0	243
信仰魔域	500	500	淫魔凯恩	500	10	20	0	243
信仰魔域	500	500	阿鼻战士	500	10	20	0	243
信仰魔域	500	500	摩罗弓手	500	10	20	0	243
信仰魔域	500	500	元始树妖王	500	10	20	0	243
信仰魔域	500	500	麒麟	500	10	20	0	243
信仰魔域	500	500	鸟人像	500	10	20	0	243
信仰魔域	500	500	寒冰炼狱天将	500	10	20	0	243
信仰魔域	500	500	巨头面具祭祀	500	10	20	0	243
信仰魔域	500	500	地狱守门恶魔	500	10	20	0	243
信仰魔域	500	500	沙遗址魔神	500	10	20	0	243
信仰魔域	500	500	丹墨	500	10	20	0	243
信仰魔域	500	500	镇猫将军	500	10	20	0	243
信仰魔域	500	500	神之幻境守护神	500	10	20	0	243
信仰魔域	500	500	古墓将军	500	10	20	0	243
信仰魔域	500	500	堕落的法师长老	500	10	20	0	243
信仰魔域	500	500	罪恶魔神	500	10	20	0	243
								
信仰魔域	500	500	深渊射手	500	120	1	0	168
信仰魔域	500	500	魔杖火魔	500	120	1	0	168
信仰魔域	500	500	铁矛火魔	500	120	1	0	168
信仰魔域	500	500	遗忘战士	500	120	1	0	168
信仰魔域	500	500	遗忘导师	500	120	1	0	168
信仰魔域	500	500	极乐斗士	500	120	1	0	168
信仰魔域	500	500	枯骨毒蛇	500	120	1	0	168
信仰魔域	500	500	狂乱血蛙	500	120	1	0	168
信仰魔域	500	500	禁忌蝎蛇	500	120	1	0	168
信仰魔域	500	500	异变狐狸	500	120	1	0	168
信仰魔域	500	500	千年火蜥	500	120	1	0	168
信仰魔域	500	500	火蚺蜘蛛	500	120	1	0	168
信仰魔域	500	500	行刑蜘蛛	500	120	1	0	168
信仰魔域	500	500	致命巨蛾	500	120	1	0	168
信仰魔域	500	500	月下亡魂	500	120	1	0	168
信仰魔域	500	500	幽暗冰魔	500	120	1	0	168
信仰魔域	500	500	山丘天将	500	120	1	0	168
信仰魔域	500	500	祭羊人	500	120	1	0	168
信仰魔域	500	500	白骨力士	500	120	1	0	168
信仰魔域	500	500	深渊射手	500	120	1	0	168
信仰魔域	500	500	魔杖火魔	500	120	1	0	168
信仰魔域	500	500	铁矛火魔	500	120	1	0	168
信仰魔域	500	500	遗忘战士	500	120	1	0	168
信仰魔域	500	500	遗忘导师	500	120	1	0	168
信仰魔域	500	500	极乐斗士	500	120	1	0	168
信仰魔域	500	500	枯骨毒蛇	500	120	1	0	168
信仰魔域	500	500	狂乱血蛙	500	120	1	0	168
信仰魔域	500	500	禁忌蝎蛇	500	120	1	0	168
信仰魔域	500	500	异变狐狸	500	120	1	0	168
信仰魔域	500	500	千年火蜥	500	120	1	0	168
信仰魔域	500	500	火蚺蜘蛛	500	120	1	0	168
信仰魔域	500	500	行刑蜘蛛	500	120	1	0	168
信仰魔域	500	500	致命巨蛾	500	120	1	0	168
信仰魔域	500	500	月下亡魂	500	120	1	0	168
信仰魔域	500	500	幽暗冰魔	500	120	1	0	168
信仰魔域	500	500	山丘天将	500	120	1	0	168
信仰魔域	500	500	祭羊人	500	120	1	0	168
信仰魔域	500	500	白骨力士	500	120	1	0	168
								
信仰魔域	500	500	熏黑的厨师	500	70	1	0	241
信仰魔域	500	500	遗忘法师	500	70	1	0	241
信仰魔域	500	500	地狱饿鬼道	500	70	1	0	241
信仰魔域	500	500	炸弹战士	500	70	1	0	241
信仰魔域	500	500	火麟食虫草	500	70	1	0	241
信仰魔域	500	500	禁忌王子	500	70	1	0	241
信仰魔域	500	500	失序熊王	500	70	1	0	241
信仰魔域	500	500	寒冰矮人	500	70	1	0	241
信仰魔域	500	500	徘徊的弓兵	500	70	1	0	241
信仰魔域	500	500	寒冰野人	500	70	1	0	241
信仰魔域	500	500	寒冰夜叉	500	70	1	0	241
信仰魔域	500	500	月元素象精	500	70	1	0	241
信仰魔域	500	500	魔爪异兽	500	70	1	0	241
信仰魔域	500	500	山丘沙虫	500	70	1	0	241
信仰魔域	500	500	暗黑射手	500	70	1	0	241
信仰魔域	500	500	入虚毒牙	500	70	1	0	241
								
信仰魔域	956	638	深渊珊瑚王	5	1	30	0	241
信仰魔域	956	638	蓝色土灵	5	1	30	0	241
信仰魔域	956	638	地狱魔导师	5	1	30	0	241
信仰魔域	956	638	超级炸弹战士	5	1	30	0	241
信仰魔域	956	638	摄魂荆棘草	5	1	30	0	241
信仰魔域	956	638	封印太子	5	1	30	0	241
信仰魔域	956	638	失序熊王	5	1	30	0	241
信仰魔域	956	638	叛军战士首领	5	1	30	0	241
信仰魔域	956	638	叛军刺客首领	5	1	30	0	241
信仰魔域	956	638	叛军道士首领	5	1	30	0	241
信仰魔域	956	638	叛军法师首领	5	1	30	0	241
信仰魔域	956	638	伊雪兰勇士	5	1	30	0	241
信仰魔域	956	638	熔炉蜗牛王	5	1	30	0	241
信仰魔域	956	638	腥红丧尸王	5	1	30	0	241
信仰魔域	956	638	陵墓蛛王	5	1	30	0	241
信仰魔域	956	638	枯藤金蟾王	5	1	30	0	241
								
信仰魔域	906	739	深渊珊瑚王	5	1	30	0	241
信仰魔域	906	739	蓝色土灵	5	1	30	0	241
信仰魔域	906	739	地狱魔导师	5	1	30	0	241
信仰魔域	906	739	超级炸弹战士	5	1	30	0	241
信仰魔域	906	739	摄魂荆棘草	5	1	30	0	241
信仰魔域	906	739	封印太子	5	1	30	0	241
信仰魔域	906	739	失序熊王	5	1	30	0	241
信仰魔域	906	739	叛军战士首领	5	1	30	0	241
信仰魔域	906	739	叛军刺客首领	5	1	30	0	241
信仰魔域	906	739	叛军道士首领	5	1	30	0	241
信仰魔域	906	739	叛军法师首领	5	1	30	0	241
信仰魔域	906	739	伊雪兰勇士	5	1	30	0	241
信仰魔域	906	739	熔炉蜗牛王	5	1	30	0	241
信仰魔域	906	739	腥红丧尸王	5	1	30	0	241
信仰魔域	906	739	陵墓蛛王	5	1	30	0	241
信仰魔域	906	739	枯藤金蟾王	5	1	30	0	241
								
信仰魔域	960	937	深渊珊瑚王	5	1	30	0	241
信仰魔域	960	937	蓝色土灵	5	1	30	0	241
信仰魔域	960	937	地狱魔导师	5	1	30	0	241
信仰魔域	960	937	超级炸弹战士	5	1	30	0	241
信仰魔域	960	937	摄魂荆棘草	5	1	30	0	241
信仰魔域	960	937	封印太子	5	1	30	0	241
信仰魔域	960	937	失序熊王	5	1	30	0	241
信仰魔域	960	937	叛军战士首领	5	1	30	0	241
信仰魔域	960	937	叛军刺客首领	5	1	30	0	241
信仰魔域	960	937	叛军道士首领	5	1	30	0	241
信仰魔域	960	937	叛军法师首领	5	1	30	0	241
信仰魔域	960	937	伊雪兰勇士	5	1	30	0	241
信仰魔域	960	937	熔炉蜗牛王	5	1	30	0	241
信仰魔域	960	937	腥红丧尸王	5	1	30	0	241
信仰魔域	960	937	陵墓蛛王	5	1	30	0	241
信仰魔域	960	937	枯藤金蟾王	5	1	30	0	241
								
信仰魔域	752	828	深渊珊瑚王	5	1	30	0	241
信仰魔域	752	828	蓝色土灵	5	1	30	0	241
信仰魔域	752	828	地狱魔导师	5	1	30	0	241
信仰魔域	752	828	超级炸弹战士	5	1	30	0	241
信仰魔域	752	828	摄魂荆棘草	5	1	30	0	241
信仰魔域	752	828	封印太子	5	1	30	0	241
信仰魔域	752	828	失序熊王	5	1	30	0	241
信仰魔域	752	828	叛军战士首领	5	1	30	0	241
信仰魔域	752	828	叛军刺客首领	5	1	30	0	241
信仰魔域	752	828	叛军道士首领	5	1	30	0	241
信仰魔域	752	828	叛军法师首领	5	1	30	0	241
信仰魔域	752	828	伊雪兰勇士	5	1	30	0	241
信仰魔域	752	828	熔炉蜗牛王	5	1	30	0	241
信仰魔域	752	828	腥红丧尸王	5	1	30	0	241
信仰魔域	752	828	陵墓蛛王	5	1	30	0	241
信仰魔域	752	828	枯藤金蟾王	5	1	30	0	241
								
信仰魔域	729	678	深渊珊瑚王	5	1	30	0	241
信仰魔域	729	678	蓝色土灵	5	1	30	0	241
信仰魔域	729	678	地狱魔导师	5	1	30	0	241
信仰魔域	729	678	超级炸弹战士	5	1	30	0	241
信仰魔域	729	678	摄魂荆棘草	5	1	30	0	241
信仰魔域	729	678	封印太子	5	1	30	0	241
信仰魔域	729	678	失序熊王	5	1	30	0	241
信仰魔域	729	678	叛军战士首领	5	1	30	0	241
信仰魔域	729	678	叛军刺客首领	5	1	30	0	241
信仰魔域	729	678	叛军道士首领	5	1	30	0	241
信仰魔域	729	678	叛军法师首领	5	1	30	0	241
信仰魔域	729	678	伊雪兰勇士	5	1	30	0	241
信仰魔域	729	678	熔炉蜗牛王	5	1	30	0	241
信仰魔域	729	678	腥红丧尸王	5	1	30	0	241
信仰魔域	729	678	陵墓蛛王	5	1	30	0	241
信仰魔域	729	678	枯藤金蟾王	5	1	30	0	241
								
信仰魔域	327	822	深渊珊瑚王	5	1	30	0	241
信仰魔域	327	822	蓝色土灵	5	1	30	0	241
信仰魔域	327	822	地狱魔导师	5	1	30	0	241
信仰魔域	327	822	超级炸弹战士	5	1	30	0	241
信仰魔域	327	822	摄魂荆棘草	5	1	30	0	241
信仰魔域	327	822	封印太子	5	1	30	0	241
信仰魔域	327	822	失序熊王	5	1	30	0	241
信仰魔域	327	822	叛军战士首领	5	1	30	0	241
信仰魔域	327	822	叛军刺客首领	5	1	30	0	241
信仰魔域	327	822	叛军道士首领	5	1	30	0	241
信仰魔域	327	822	叛军法师首领	5	1	30	0	241
信仰魔域	327	822	伊雪兰勇士	5	1	30	0	241
信仰魔域	327	822	熔炉蜗牛王	5	1	30	0	241
信仰魔域	327	822	腥红丧尸王	5	1	30	0	241
信仰魔域	327	822	陵墓蛛王	5	1	30	0	241
信仰魔域	327	822	枯藤金蟾王	5	1	30	0	241
								
信仰魔域	487	953	深渊珊瑚王	5	1	30	0	241
信仰魔域	487	953	蓝色土灵	5	1	30	0	241
信仰魔域	487	953	地狱魔导师	5	1	30	0	241
信仰魔域	487	953	超级炸弹战士	5	1	30	0	241
信仰魔域	487	953	摄魂荆棘草	5	1	30	0	241
信仰魔域	487	953	封印太子	5	1	30	0	241
信仰魔域	487	953	失序熊王	5	1	30	0	241
信仰魔域	487	953	叛军战士首领	5	1	30	0	241
信仰魔域	487	953	叛军刺客首领	5	1	30	0	241
信仰魔域	487	953	叛军道士首领	5	1	30	0	241
信仰魔域	487	953	叛军法师首领	5	1	30	0	241
信仰魔域	487	953	伊雪兰勇士	5	1	30	0	241
信仰魔域	487	953	熔炉蜗牛王	5	1	30	0	241
信仰魔域	487	953	腥红丧尸王	5	1	30	0	241
信仰魔域	487	953	陵墓蛛王	5	1	30	0	241
信仰魔域	487	953	枯藤金蟾王	5	1	30	0	241
								
信仰魔域	714	733	深渊珊瑚王	5	1	30	0	241
信仰魔域	714	733	蓝色土灵	5	1	30	0	241
信仰魔域	714	733	地狱魔导师	5	1	30	0	241
信仰魔域	714	733	超级炸弹战士	5	1	30	0	241
信仰魔域	714	733	摄魂荆棘草	5	1	30	0	241
信仰魔域	714	733	封印太子	5	1	30	0	241
信仰魔域	714	733	失序熊王	5	1	30	0	241
信仰魔域	714	733	叛军战士首领	5	1	30	0	241
信仰魔域	714	733	叛军刺客首领	5	1	30	0	241
信仰魔域	714	733	叛军道士首领	5	1	30	0	241
信仰魔域	714	733	叛军法师首领	5	1	30	0	241
信仰魔域	714	733	伊雪兰勇士	5	1	30	0	241
信仰魔域	714	733	熔炉蜗牛王	5	1	30	0	241
信仰魔域	714	733	腥红丧尸王	5	1	30	0	241
信仰魔域	714	733	陵墓蛛王	5	1	30	0	241
信仰魔域	714	733	枯藤金蟾王	5	1	30	0	241
								
								
信仰世界	534	685	奥玛黑灵	1	1	240	0	249
信仰世界	867	37	野兽王	1	1	240	0	249
信仰世界	761	98	黑暗船长	1	1	240	0	249
信仰世界	560	815	阳勇王	1	1	240	0	249
								
信仰世界	500	455	战士长老[世界]	1	1	240	0	249
信仰世界	307	193	道士长老[世界]	1	1	240	0	249
信仰世界	174	820	刺客长老[世界]	1	1	240	0	249
信仰世界	818	325	射手长老[世界]	1	1	240	0	249
								
霸主深渊	150	150	深渊刀兵	150	120	1	0	215
霸主深渊	150	150	深渊甲兵	150	120	1	0	215
霸主深渊	150	150	深渊射手	150	20	15	0	168
霸主深渊	150	150	熏黑的厨师	150	10	30	0	241
								
黑石深渊	48	52	深渊刀兵	52	40	1	0	215
黑石深渊	48	52	深渊甲兵	52	40	1	0	215
黑石深渊	48	52	深渊射手	52	15	15	0	168
黑石深渊	48	52	熏黑的厨师	52	10	30	0	241
黑石深渊	48	52	深渊珊瑚王	52	10	30	0	245
								
矿区	60	64	深渊射手	52	15	15	0	168
矿区	60	64	熏黑的厨师	52	15	30	0	241
矿区	60	64	深渊珊瑚王	52	15	30	0	245
矿区	60	64	嗜血蛆虫	52	1	20	0	243
矿区	60	64	赤炎战将	52	1	20	0	243
矿区	60	64	天蓬鹰王	52	1	20	0	243
								
熔岩区域	59	55	嗜血蛆虫	5	1	20	0	243
熔岩区域	59	55	赤炎战将	5	1	20	0	243
熔岩区域	59	55	天蓬鹰王	5	1	20	0	243
熔岩区域	59	55	毒龙教主	5	1	20	0	243
熔岩区域	59	55	逆焰卫士	5	1	20	0	243
熔岩区域	59	55	九幽法师	5	1	20	0	243
熔岩区域	59	55	战神鬼尊	5	1	20	0	243
熔岩区域	59	55	麒麟	5	1	20	0	243
熔岩区域	59	55	丹墨	5	1	20	0	243
								
永恒国度	51	41	永恒邪眼	51	20	1	0	215
永恒国度	51	41	永恒恶灵	51	20	1	0	215
永恒国度	51	41	永恒尸王	51	20	1	0	215
永恒国度	51	41	永恒锤兵	51	20	1	0	215
永恒国度	51	41	永恒枪兵	51	20	1	0	215
永恒国度	51	41	永恒斧手	51	20	1	0	215
永恒国度	51	41	永恒射手	51	20	1	0	215
永恒国度	51	41	魔杖火魔	51	5	15	0	168
永恒国度	51	41	铁矛火魔	51	5	15	0	168
永恒国度	51	41	遗忘战士	51	5	15	0	168
永恒国度	51	41	遗忘导师	51	5	15	0	168
永恒国度	51	41	遗忘法师	51	5	30	0	241
								
永恒国度野外	69	86	永恒邪眼	86	20	1	0	215
永恒国度野外	69	86	永恒恶灵	86	20	1	0	215
永恒国度野外	69	86	永恒尸王	86	20	1	0	215
永恒国度野外	69	86	永恒锤兵	86	20	1	0	215
永恒国度野外	69	86	永恒枪兵	86	20	1	0	215
永恒国度野外	69	86	永恒斧手	86	20	1	0	215
永恒国度野外	69	86	永恒射手	86	20	1	0	215
永恒国度野外	69	86	魔杖火魔	86	5	15	0	168
永恒国度野外	69	86	铁矛火魔	86	5	15	0	168
永恒国度野外	69	86	遗忘战士	86	5	15	0	168
永恒国度野外	69	86	遗忘导师	86	5	15	0	168
永恒国度野外	69	86	遗忘法师	86	5	30	0	241
永恒国度野外	69	86	蓝色土灵	86	5	30	0	245
								
魔法之门	39	32	魔杖火魔	39	15	15	0	168
魔法之门	39	32	铁矛火魔	39	15	15	0	168
魔法之门	39	32	遗忘战士	39	15	15	0	168
魔法之门	39	32	遗忘导师	39	15	15	0	168
魔法之门	39	32	遗忘法师	39	15	30	0	241
魔法之门	39	32	蓝色土灵	39	15	30	0	245
魔法之门	39	32	杀戮鬼虫	39	1	20	0	243
魔法之门	39	32	魔灵赤蛇	39	1	20	0	243
魔法之门	39	32	御魔甲虫	39	1	20	0	243
								
仙纹奇石阵	53	31	杀戮鬼虫	5	1	20	0	243
仙纹奇石阵	53	31	魔灵赤蛇	5	1	20	0	243
仙纹奇石阵	53	31	御魔甲虫	5	1	20	0	243
仙纹奇石阵	53	31	夜叉教主	5	1	20	0	243
仙纹奇石阵	53	31	吞天蝎卫	5	1	20	0	243
仙纹奇石阵	53	31	九幽祭司	5	1	20	0	243
仙纹奇石阵	53	31	魔星恶鬼	5	1	20	0	243
仙纹奇石阵	53	31	鸟人像	5	1	20	0	243
仙纹奇石阵	53	31	镇猫将军	5	1	20	0	243
								
								
极乐净土	81	95	极乐魔头	150	120	1	0	215
极乐净土	81	95	极乐战士	150	120	1	0	215
极乐净土	81	95	极乐斗士	150	20	15	0	168
极乐净土	81	95	地狱饿鬼道	150	10	30	0	241
								
狂欢之地	85	70	极乐魔头	52	40	1	0	215
狂欢之地	85	70	极乐战士	52	40	1	0	215
狂欢之地	85	70	极乐斗士	52	15	15	0	168
狂欢之地	85	70	地狱饿鬼道	52	10	30	0	241
狂欢之地	85	70	地狱魔导师	52	10	30	0	245
								
舞厅	31	35	极乐斗士	52	15	15	0	168
舞厅	31	35	地狱饿鬼道	52	15	30	0	241
舞厅	31	35	地狱魔导师	52	15	30	0	245
舞厅	31	35	阎罗战士	52	1	20	0	243
舞厅	31	35	天堂虎蛇	52	1	20	0	243
舞厅	31	35	鬼灵鼠王	52	1	20	0	243
								
净土之源	72	56	阎罗战士	5	1	20	0	243
净土之源	72	56	天堂虎蛇	5	1	20	0	243
净土之源	72	56	鬼灵鼠王	5	1	20	0	243
净土之源	72	56	嗜血恶魔	5	1	20	0	243
净土之源	72	56	寂灭教主	5	1	20	0	243
净土之源	72	56	九幽魔王	5	1	20	0	243
净土之源	72	56	淫魔凯恩	5	1	20	0	243
净土之源	72	56	寒冰炼狱天将	5	1	20	0	243
净土之源	72	56	神之幻境守护神	5	1	20	0	243
								
圣魔沼泽	60	50	黑鳞侍卫	60	40	1	0	215
圣魔沼泽	60	50	雷蛟将军	60	40	1	0	215
圣魔沼泽	60	50	枯骨毒蛇	60	20	15	0	168
圣魔沼泽	60	50	炸弹战士	60	10	30	0	241
								
泥泞沼泽	60	50	黑鳞侍卫	52	40	1	0	215
泥泞沼泽	60	50	雷蛟将军	52	40	1	0	215
泥泞沼泽	60	50	枯骨毒蛇	52	15	15	0	168
泥泞沼泽	60	50	炸弹战士	52	10	30	0	241
泥泞沼泽	60	50	超级炸弹战士	52	10	30	0	245
								
毒蛊沼泽	40	61	枯骨毒蛇	61	15	15	0	168
毒蛊沼泽	40	61	炸弹战士	61	15	30	0	241
毒蛊沼泽	40	61	超级炸弹战士	61	15	30	0	245
毒蛊沼泽	40	61	火焰巨兽	61	1	20	0	243
毒蛊沼泽	40	61	恶灵楔蛾	61	1	20	0	243
毒蛊沼泽	40	61	凶神弓手	61	1	20	0	243
								
炼狱	34	41	火焰巨兽	5	1	20	0	243
炼狱	34	41	恶灵楔蛾	5	1	20	0	243
炼狱	34	41	凶神弓手	5	1	20	0	243
炼狱	34	41	昊天龙神	5	1	20	0	243
炼狱	34	41	自在蟾蜍	5	1	20	0	243
炼狱	34	41	九幽巨蛾	5	1	20	0	243
炼狱	34	41	阿鼻战士	5	1	20	0	243
炼狱	34	41	巨头面具祭祀	5	1	20	0	243
炼狱	34	41	古墓将军	5	1	20	0	243
								
狂乱迷宫	43	46	迷宫蝎卫	43	40	1	0	215
狂乱迷宫	43	46	迷宫猪卫	43	40	1	0	215
狂乱迷宫	43	46	狂乱血蛙	43	20	15	0	168
狂乱迷宫	43	46	火麟食虫草	43	10	30	0	241
								
狂乱迷宫一层	43	46	迷宫蝎卫	46	40	1	0	215
狂乱迷宫一层	43	46	迷宫猪卫	46	40	1	0	215
狂乱迷宫一层	43	46	狂乱血蛙	46	15	15	0	168
狂乱迷宫一层	43	46	火麟食虫草	46	10	30	0	241
狂乱迷宫一层	43	46	摄魂荆棘草	46	10	30	0	245
								
狂乱迷宫二层	43	46	狂乱血蛙	46	15	15	0	168
狂乱迷宫二层	43	46	火麟食虫草	46	15	30	0	241
狂乱迷宫二层	43	46	摄魂荆棘草	46	15	30	0	245
狂乱迷宫二层	43	46	厄运勇士	46	1	20	0	243
狂乱迷宫二层	43	46	冥河僵尸	46	1	20	0	243
狂乱迷宫二层	43	46	冥界虫王	46	1	20	0	243
								
狂乱迷宫三层	40	64	厄运勇士	5	1	20	0	243
狂乱迷宫三层	40	64	冥河僵尸	5	1	20	0	243
狂乱迷宫三层	40	64	冥界虫王	5	1	20	0	243
狂乱迷宫三层	40	64	魔战树妖	5	1	20	0	243
狂乱迷宫三层	40	64	莽牯毒蛛	5	1	20	0	243
狂乱迷宫三层	40	64	九幽力士	5	1	20	0	243
狂乱迷宫三层	40	64	摩罗弓手	5	1	20	0	243
狂乱迷宫三层	40	64	地狱守门恶魔	5	1	20	0	243
狂乱迷宫三层	40	64	堕落的法师长老	5	1	20	0	243
								
禁断围城	200	200	禁断蜘蛛	200	150	1	0	215
禁断围城	200	200	禁断狼蛛	200	150	1	0	215
禁断围城	200	200	禁忌蝎蛇	200	50	15	0	168
禁断围城	200	200	禁忌王子	200	30	30	0	241
								
阴尸河道	65	91	禁断蜘蛛	91	40	1	0	215
阴尸河道	65	91	禁断狼蛛	91	40	1	0	215
阴尸河道	65	91	禁忌蝎蛇	91	15	15	0	168
阴尸河道	65	91	禁忌王子	91	10	30	0	241
阴尸河道	65	91	封印太子	91	10	30	0	245
								
残破的阶梯	48	52	禁忌蝎蛇	52	15	15	0	168
残破的阶梯	48	52	禁忌王子	52	15	30	0	241
残破的阶梯	48	52	封印太子	52	15	30	0	245
残破的阶梯	48	52	嗜血蛆虫	52	1	20	0	243
残破的阶梯	48	52	赤炎战将	52	1	20	0	243
残破的阶梯	48	52	天蓬鹰王	52	1	20	0	243
								
封印魔殿	25	35	嗜血蛆虫	5	1	20	0	243
封印魔殿	25	35	赤炎战将	5	1	20	0	243
封印魔殿	25	35	天蓬鹰王	5	1	20	0	243
封印魔殿	25	35	曼多精灵	5	1	20	0	243
封印魔殿	25	35	邪罗魔王	5	1	20	0	243
封印魔殿	25	35	九幽战将	5	1	20	0	243
封印魔殿	25	35	元始树妖王	5	1	20	0	243
封印魔殿	25	35	沙遗址魔神	5	1	20	0	243
封印魔殿	25	35	罪恶魔神	5	1	20	0	243
								
失序教院	59	76	疯狂钳虫	76	40	1	0	215
失序教院	59	76	亡灵钳虫	76	40	1	0	215
失序教院	59	76	异变狐狸	76	15	15	0	168
								
广场	42	47	疯狂钳虫	47	40	1	0	215
广场	42	47	亡灵钳虫	47	40	1	0	215
广场	42	47	异变狐狸	47	15	30	0	168
广场	42	47	失序熊王	47	10	30	0	245
								
高塔	59	76	疯狂钳虫	52	20	1	0	215
高塔	63	73	异变狐狸	52	5	30	0	168
高塔	63	73	失序熊王	52	3	30	0	245
高塔	63	73	杀戮鬼虫	52	1	20	0	243
高塔	63	73	魔灵赤蛇	52	1	20	0	243
高塔	63	73	御魔甲虫	52	1	20	0	243
								
奇术秘殿	39	44	杀戮鬼虫	5	1	20	0	243
奇术秘殿	39	44	魔灵赤蛇	5	1	20	0	243
奇术秘殿	39	44	御魔甲虫	5	1	20	0	243
奇术秘殿	39	44	毒龙教主	5	1	20	0	243
奇术秘殿	39	44	逆焰卫士	5	1	20	0	243
奇术秘殿	39	44	九幽法师	5	1	20	0	243
奇术秘殿	39	44	战神鬼尊	5	1	20	0	243
奇术秘殿	39	44	麒麟	5	1	20	0	243
奇术秘殿	39	44	丹墨	5	1	20	0	243
								
古典密室	43	46	百年尸王	46	40	1	0	215
古典密室	43	46	古典刺蛙	46	40	1	0	215
古典密室	43	46	千年火蜥	46	20	15	0	168
古典密室	43	46	寒冰矮人	46	10	30	0	241
								
强酸洞穴	65	91	百年尸王	91	40	1	0	215
强酸洞穴	65	91	古典刺蛙	91	40	1	0	215
强酸洞穴	65	91	千年火蜥	91	15	15	0	168
强酸洞穴	65	91	寒冰矮人	91	10	30	0	241
强酸洞穴	65	91	叛军战士首领	91	10	30	0	245
								
巨坑	72	72	千年火蜥	52	15	15	0	168
巨坑	72	72	寒冰矮人	52	15	30	0	241
巨坑	72	72	叛军战士首领	52	15	30	0	245
巨坑	72	72	阎罗战士	52	1	20	0	243
巨坑	72	72	天堂虎蛇	52	1	20	0	243
巨坑	72	72	鬼灵鼠王	52	1	20	0	243
								
畸形亡域	45	32	嗜血蛆虫	5	1	20	0	243
畸形亡域	45	32	赤炎战将	5	1	20	0	243
畸形亡域	45	32	天蓬鹰王	5	1	20	0	243
畸形亡域	45	32	毒龙教主	5	1	20	0	243
畸形亡域	45	32	逆焰卫士	5	1	20	0	243
畸形亡域	45	32	九幽法师	5	1	20	0	243
畸形亡域	45	32	战神鬼尊	5	1	20	0	243
畸形亡域	45	32	麒麟	5	1	20	0	243
畸形亡域	45	32	丹墨	5	1	20	0	243
								
魔影墓场	36	34	魔影卫士	36	40	1	0	215
魔影墓场	36	34	魔影白虎	36	40	1	0	215
魔影墓场	36	34	火蚺蜘蛛	36	20	15	0	168
魔影墓场	36	34	徘徊的弓兵	36	10	30	0	241
								
龙吟通道	30	32	魔影卫士	32	40	1	0	215
龙吟通道	30	32	魔影白虎	32	40	1	0	215
龙吟通道	30	32	火蚺蜘蛛	32	15	15	0	168
龙吟通道	30	32	徘徊的弓兵	32	10	30	0	241
龙吟通道	30	32	叛军刺客首领	32	10	30	0	245
								
龙窟	70	61	火蚺蜘蛛	70	15	15	0	168
龙窟	70	61	徘徊的弓兵	70	15	30	0	241
龙窟	70	61	叛军刺客首领	70	15	30	0	245
龙窟	70	61	杀戮鬼虫	70	1	20	0	243
龙窟	70	61	魔灵赤蛇	70	1	20	0	243
龙窟	70	61	御魔甲虫	70	1	20	0	243
龙窟	70	61	夜叉教主	70	1	20	0	243
龙窟	70	61	吞天蝎卫	70	1	20	0	243
龙窟	70	61	九幽祭司	70	1	20	0	243
龙窟	70	61	魔星恶鬼	70	1	20	0	243
龙窟	70	61	鸟人像	70	1	20	0	243
龙窟	70	61	镇猫将军	70	1	20	0	243
								
古拷刑室	60	76	刑镰蜘蛛	76	40	1	0	215
古拷刑室	60	76	刑杖蜘蛛	76	40	1	0	215
古拷刑室	60	76	行刑蜘蛛	76	20	15	0	168
古拷刑室	60	76	寒冰野人	76	10	30	0	241
								
侩子手的休息房	60	84	刑镰蜘蛛	32	40	1	0	215
侩子手的休息房	60	84	刑杖蜘蛛	32	40	1	0	215
侩子手的休息房	60	84	行刑蜘蛛	32	15	15	0	168
侩子手的休息房	60	84	寒冰野人	32	10	30	0	241
侩子手的休息房	60	84	叛军道士首领	32	10	30	0	245
								
刑具室	83	76	行刑蜘蛛	83	15	15	0	168
刑具室	83	76	寒冰野人	83	15	30	0	241
刑具室	83	76	叛军道士首领	83	15	30	0	245
刑具室	83	76	厄运勇士	83	1	20	0	243
刑具室	83	76	冥河僵尸	83	1	20	0	243
刑具室	83	76	冥界虫王	83	1	20	0	243
								
刑厂密室	41	35	厄运勇士	5	1	20	0	243
刑厂密室	41	35	冥河僵尸	5	1	20	0	243
刑厂密室	41	35	冥界虫王	5	1	20	0	243
刑厂密室	41	35	曼多精灵	5	1	20	0	243
刑厂密室	41	35	邪罗魔王	5	1	20	0	243
刑厂密室	41	35	九幽战将	5	1	20	0	243
刑厂密室	41	35	摩罗弓手	5	1	20	0	243
刑厂密室	41	35	地狱守门恶魔	5	1	20	0	243
刑厂密室	41	35	堕落的法师长老	5	1	20	0	243
								
致命岩滩	43	45	邪魔黄龙	45	40	1	0	215
致命岩滩	43	45	伏妖护卫	45	40	1	0	215
致命岩滩	43	45	致命巨蛾	45	20	15	0	168
致命岩滩	43	45	寒冰夜叉	45	10	30	0	241
								
泥潭	65	91	邪魔黄龙	91	75	1	0	215
泥潭	65	91	伏妖护卫	91	75	1	0	215
泥潭	65	91	致命巨蛾	91	20	15	0	168
泥潭	65	91	寒冰夜叉	91	10	30	0	241
泥潭	65	91	叛军法师首领	91	10	30	0	245
								
蛤蟆巢穴	69	86	致命巨蛾	86	15	15	0	168
蛤蟆巢穴	69	86	寒冰夜叉	86	15	30	0	241
蛤蟆巢穴	69	86	叛军法师首领	86	15	30	0	245
蛤蟆巢穴	69	86	嗜血蛆虫	86	1	20	0	243
蛤蟆巢穴	69	86	赤炎战将	86	1	20	0	243
蛤蟆巢穴	69	86	天蓬鹰王	86	1	20	0	243
								
孵化地	30	45	嗜血蛆虫	45	1	20	0	243
孵化地	30	45	赤炎战将	45	1	20	0	243
孵化地	30	45	天蓬鹰王	45	1	20	0	243
孵化地	30	45	夜叉教主	45	1	20	0	243
孵化地	30	45	吞天蝎卫	45	1	20	0	243
孵化地	30	45	九幽祭司	45	1	20	0	243
孵化地	30	45	淫魔凯恩	45	1	20	0	243
孵化地	30	45	寒冰炼狱天将	45	1	20	0	243
孵化地	30	45	神之幻境守护神	45	1	20	0	243
								
月色回廊	25	31	月色蜘蛛	45	20	1	0	215
月色回廊	25	31	月灵蜘蛛	45	20	1	0	215
月色回廊	25	31	月下亡魂	45	15	15	0	168
月色回廊	25	31	月元素象精	45	8	30	0	241
								
游民星空	43	42	月色蜘蛛	43	30	1	0	215
游民星空	43	42	月灵蜘蛛	43	30	1	0	215
游民星空	43	42	月下亡魂	43	15	15	0	168
游民星空	43	42	月元素象精	43	10	30	0	241
游民星空	43	42	伊雪兰勇士	43	10	30	0	245
								
精灵通道	27	30	月下亡魂	30	15	15	0	168
精灵通道	27	30	月元素象精	30	15	30	0	241
精灵通道	27	30	伊雪兰勇士	30	15	30	0	245
精灵通道	27	30	阎罗战士	30	1	20	0	243
精灵通道	27	30	天堂虎蛇	30	1	20	0	243
精灵通道	27	30	鬼灵鼠王	30	1	20	0	243
								
天极高地	44	29	阎罗战士	5	1	20	0	243
天极高地	44	29	天堂虎蛇	5	1	20	0	243
天极高地	44	29	鬼灵鼠王	5	1	20	0	243
天极高地	44	29	嗜血恶魔	5	1	20	0	243
天极高地	44	29	寂灭教主	5	1	20	0	243
天极高地	44	29	九幽魔王	5	1	20	0	243
天极高地	44	29	淫魔凯恩	5	1	20	0	243
天极高地	44	29	寒冰炼狱天将	5	1	20	0	243
天极高地	44	29	神之幻境守护神	5	1	20	0	243
								
神谕之殿	31	35	赐福战将	35	40	1	0	215
神谕之殿	31	35	苦难侍卫	35	40	1	0	215
神谕之殿	31	35	幽暗冰魔	35	20	15	0	168
神谕之殿	31	35	魔爪异兽	35	10	30	0	241
								
圣殿山	60	64	赐福战将	64	40	1	0	215
圣殿山	60	64	苦难侍卫	64	40	1	0	215
圣殿山	60	64	幽暗冰魔	64	15	15	0	168
圣殿山	60	64	魔爪异兽	64	10	30	0	241
圣殿山	60	64	熔炉蜗牛王	64	10	30	0	245
								
黎明神殿	45	47	幽暗冰魔	47	15	15	0	168
黎明神殿	45	47	魔爪异兽	47	15	30	0	241
黎明神殿	45	47	熔炉蜗牛王	47	15	30	0	245
黎明神殿	45	47	火焰巨兽	47	1	20	0	243
黎明神殿	45	47	恶灵楔蛾	47	1	20	0	243
黎明神殿	45	47	凶神弓手	47	1	20	0	243
								
真神谕之殿	70	59	火焰巨兽	5	1	20	0	243
真神谕之殿	70	59	恶灵楔蛾	5	1	20	0	243
真神谕之殿	70	59	凶神弓手	5	1	20	0	243
真神谕之殿	70	59	昊天龙神	5	1	20	0	243
真神谕之殿	70	59	自在蟾蜍	5	1	20	0	243
真神谕之殿	70	59	九幽巨蛾	5	1	20	0	243
真神谕之殿	70	59	阿鼻战士	5	1	20	0	243
真神谕之殿	70	59	巨头面具祭祀	5	1	20	0	243
真神谕之殿	70	59	古墓将军	5	1	20	0	243
								
滨海山丘	20	26	山丘天魔	35	40	1	0	215
滨海山丘	20	26	滨海毒魔	35	40	1	0	215
滨海山丘	20	26	山丘天将	35	20	15	0	168
滨海山丘	20	26	山丘沙虫	35	10	30	0	241
								
夺命沙滩	92	88	山丘天魔	92	40	1	0	215
夺命沙滩	92	88	滨海毒魔	92	40	1	0	215
夺命沙滩	92	88	山丘天将	92	15	15	0	168
夺命沙滩	92	88	山丘沙虫	92	10	30	0	241
夺命沙滩	92	88	腥红丧尸王	92	10	30	0	245
								
颤抖海	40	61	山丘天将	61	15	15	0	168
颤抖海	40	61	山丘沙虫	61	15	30	0	241
颤抖海	40	61	腥红丧尸王	61	15	30	0	245
颤抖海	40	61	厄运勇士	61	1	20	0	243
颤抖海	40	61	冥河僵尸	61	1	20	0	243
颤抖海	40	61	冥界虫王	61	1	20	0	243
								
沉寂湾	30	30	杀戮鬼虫	5	1	20	0	243
沉寂湾	30	30	魔灵赤蛇	5	1	20	0	243
沉寂湾	30	30	御魔甲虫	5	1	20	0	243
沉寂湾	30	30	夜叉教主	5	1	20	0	243
沉寂湾	30	30	吞天蝎卫	5	1	20	0	243
沉寂湾	30	30	九幽祭司	5	1	20	0	243
沉寂湾	30	30	魔星恶鬼	5	1	20	0	243
沉寂湾	30	30	鸟人像	5	1	20	0	243
沉寂湾	30	30	镇猫将军	5	1	20	0	243
								
恶咒陵墓	35	39	巫魔王	39	40	1	0	215
恶咒陵墓	35	39	牧野人	39	40	1	0	215
恶咒陵墓	35	39	祭羊人	39	20	15	0	168
恶咒陵墓	35	39	暗黑射手	39	10	30	0	241
								
寂静厅	39	32	巫魔王	39	40	1	0	215
寂静厅	39	32	牧野人	39	40	1	0	215
寂静厅	39	32	祭羊人	39	15	15	0	168
寂静厅	39	32	暗黑射手	39	10	30	0	241
寂静厅	39	32	陵墓蛛王	39	10	30	0	245
								
沉陷的教堂	79	92	祭羊人	61	15	15	0	168
沉陷的教堂	79	92	暗黑射手	61	15	30	0	241
沉陷的教堂	79	92	陵墓蛛王	61	15	30	0	245
沉陷的教堂	79	92	嗜血蛆虫	61	1	20	0	243
沉陷的教堂	79	92	赤炎战将	61	1	20	0	243
沉陷的教堂	79	92	天蓬鹰王	61	1	20	0	243
								
安息之地	63	29	阎罗战士	5	1	20	0	243
安息之地	63	29	天堂虎蛇	5	1	20	0	243
安息之地	63	29	鬼灵鼠王	5	1	20	0	243
安息之地	63	29	嗜血恶魔	5	1	20	0	243
安息之地	63	29	寂灭教主	5	1	20	0	243
安息之地	63	29	九幽魔王	5	1	20	0	243
安息之地	63	29	淫魔凯恩	5	1	20	0	243
安息之地	63	29	寒冰炼狱天将	5	1	20	0	243
安息之地	63	29	神之幻境守护神	5	1	20	0	243
								
密草神殿	56	68	绛云甲虫	39	40	1	0	215
密草神殿	56	68	渡厄冰狼	39	40	1	0	215
密草神殿	56	68	白骨力士	39	20	15	0	168
密草神殿	56	68	入虚毒牙	39	10	30	0	241
								
妖蛛岭	48	39	绛云甲虫	48	40	1	0	215
妖蛛岭	48	39	渡厄冰狼	48	40	1	0	215
妖蛛岭	48	39	白骨力士	48	15	15	0	168
妖蛛岭	48	39	入虚毒牙	48	10	30	0	241
妖蛛岭	48	39	枯藤金蟾王	48	10	30	0	245
								
香樟林	56	68	白骨力士	68	15	15	0	168
香樟林	56	68	入虚毒牙	68	15	30	0	241
香樟林	56	68	枯藤金蟾王	68	15	30	0	245
香樟林	56	68	杀戮鬼虫	68	1	20	0	243
香樟林	56	68	魔灵赤蛇	68	1	20	0	243
香樟林	56	68	御魔甲虫	68	1	20	0	243
								
灰影森林	86	95	杀戮鬼虫	5	1	20	0	243
灰影森林	86	95	魔灵赤蛇	5	1	20	0	243
灰影森林	86	95	御魔甲虫	5	1	20	0	243
灰影森林	86	95	夜叉教主	5	1	20	0	243
灰影森林	86	95	吞天蝎卫	5	1	20	0	243
灰影森林	86	95	九幽祭司	5	1	20	0	243
灰影森林	86	95	魔星恶鬼	5	1	20	0	243
灰影森林	86	95	鸟人像	5	1	20	0	243
灰影森林	86	95	镇猫将军	5	1	20	0	243